Set de date salvat cu succes în inputs/03_input_2min.txt
Generez 3500000 puncte cu 32 dimensiuni și 64 clustere...
Set de date salvat cu succes în inputs/04_input_5min.txt
Generez 3500000 puncte cu 32 dimensiuni și 128 clustere...
Set de date salvat cu succes în inputs/05_input_10min.txt

=== TOATE CELE 5 INPUTURI AU FOST REGENERATE ÎN FOLDERUL 'inputs/' ===
(.venv) restlessstone@bazzite:~/VSCodeProjects/KMeans-GPU-Benchmark/solutions$ ./run_all_sequential.sh 
=== Compilare kmeans_seq.cpp ===
Compilare reușită! Încep rularea testelor...

============================================================
▶ RULEZ TESTUL: inputs/01_input_5sec.txt
============================================================
Starting K-Means clustering on 250000 points...
------------------------------------------------
Convergence reached in 100 iterations.
Execution Time (Core Loop): 5059.36 ms
------------------------------------------------
Centroid 0: 8.03643 6.16347 2.60395 7.28629 5.69102 -6.51709 8.15924 0.78397 6.25421 8.18885 -3.62886 -7.19639 -5.58571 -1.12392 6.34999 7.80027 (Points: 3874)
Centroid 1: -4.72017 -5.09021 9.48026 -2.14812 7.85055 2.63752 5.91823 0.0468507 1.52696 -0.153931 -6.10968 4.44746 -4.37849 -9.53751 2.92167 -6.42004 (Points: 7813)
Centroid 2: 9.15793 6.10635 2.71839 7.5428 6.40555 -6.06049 7.54928 0.811451 6.00427 7.67011 -3.65553 -8.36929 -5.36655 -1.85871 6.35232 6.58047 (Points: 3939)
Centroid 3: -6.27433 -8.92187 -8.04046 -9.32196 -8.54219 3.84467 -8.66075 -4.31086 6.72513 -9.68041 6.64042 -4.15624 -7.40388 3.89066 2.34925 7.11162 (Points: 3959)
Centroid 4: 8.73058 3.91248 1.42055 -8.0486 2.31203 9.79165 -7.20508 0.37697 7.54107 4.79722 3.93584 4.04361 -2.81979 -4.12275 6.18153 6.18992 (Points: 7812)
Centroid 5: -4.26438 1.82044 -9.40167 -9.24551 6.45597 -2.7922 -7.44055 0.44897 5.39767 -5.67018 2.46619 -8.2978 -8.96827 0.648642 0.808185 2.74622 (Points: 7812)
Centroid 6: 3.83358 -2.26311 8.75586 -7.2388 -3.18391 -7.71689 8.47866 7.54439 -4.88553 3.21601 6.38273 1.09273 0.586921 -5.14427 -8.13472 7.95859 (Points: 7813)
Centroid 7: 6.94914 4.21615 -0.710751 -7.69462 0.00762715 -0.58304 -6.20751 -1.76292 -2.56919 2.39267 3.10876 -8.92593 -2.6942 2.07239 0.288007 6.59191 (Points: 3922)
Centroid 8: 9.23272 -2.55619 -4.90032 7.71811 -5.34416 9.65531 -9.61387 9.99415 -9.30841 8.12883 0.50302 9.94865 -8.73774 0.974281 9.77074 0.395862 (Points: 3937)
Centroid 9: -2.5215 -8.32475 5.51862 1.20305 -1.54077 8.1368 -7.79603 -0.141862 -9.7535 -0.615847 -8.86212 -7.62616 -7.67109 2.98108 4.88967 1.68753 (Points: 7812)
Centroid 10: 0.942301 -5.51682 9.15302 5.71514 8.91807 7.38967 2.36989 8.53426 -8.16454 -5.85931 -9.13748 -3.50071 -2.03126 -4.2095 6.99903 -2.96534 (Points: 3859)
Centroid 11: 7.20562 3.92216 -0.35527 -8.40676 -0.350298 -0.542722 -6.86601 -0.917752 -1.49255 2.18633 2.2834 -9.26498 -2.31784 2.92369 -0.163924 7.64066 (Points: 3890)
Centroid 12: -3.51502 1.7463 -2.26182 3.38297 -8.34189 8.23029 0.90405 -6.15349 -9.52746 4.05438 3.83146 -2.56839 2.82082 -7.01369 0.0307618 -7.09849 (Points: 15626)
Centroid 13: 2.59464 3.93033 -0.90262 2.56073 1.67649 7.99777 -9.07146 -4.40566 9.03219 7.81979 -0.924 2.4292 -4.42488 -6.22053 -0.746693 -2.95042 (Points: 7812)
Centroid 14: -3.93 0.488008 -1.36972 -4.18462 2.23219 -7.1936 -4.16577 -2.67684 -0.895398 5.7135 -5.99853 0.256241 1.86066 -9.05749 2.17334 -6.5952 (Points: 7813)
Centroid 15: 8.27205 2.17385 -3.10467 -2.47496 4.62029 7.99458 7.73186 5.7359 2.71519 -8.93389 -6.70474 7.3102 2.29885 -10.1823 -7.96402 3.41389 (Points: 3806)
Centroid 16: 4.68535 6.09152 -4.37353 -6.44546 5.00136 6.11744 9.80184 -1.74591 -2.57304 5.52788 -3.22288 8.6173 7.1611 -1.41903 4.99008 5.11024 (Points: 7812)
Centroid 17: 0.98391 -7.06694 9.60386 5.28002 8.65348 8.33911 1.48899 8.3411 -8.31684 -6.34006 -9.09483 -3.47741 -2.43341 -4.91772 6.19325 -2.79819 (Points: 3954)
Centroid 18: -4.31088 -9.27506 2.20863 0.0408751 -8.96801 -4.41864 8.13528 -5.20138 -7.10003 -0.233495 9.7161 -5.14498 3.44729 5.24007 -5.26788 4.54575 (Points: 7813)
Centroid 19: 8.09681 8.67367 4.24657 -1.27407 -1.85433 5.76941 1.30359 7.63088 8.54387 1.90414 -3.30198 -5.19878 4.31311 -6.49316 -3.6446 1.01849 (Points: 15625)
Centroid 20: -5.85845 -8.28077 -7.91049 -9.99745 -7.67312 3.47851 -8.45523 -2.86633 7.01981 -9.42925 5.89395 -4.5726 -7.85314 4.01735 2.86029 7.99283 (Points: 3853)
Centroid 21: -5.59653 8.99344 6.96403 4.06026 -5.38561 -7.45507 -2.58792 3.04827 -2.7755 2.02032 -9.42995 8.77518 0.932561 -1.24177 -5.0537 -2.95697 (Points: 15626)
Centroid 22: 7.74083 3.12591 -3.29196 -3.55514 4.47095 7.90131 7.71921 5.45325 2.92807 -7.78654 -6.83712 8.605 1.95065 -9.41121 -7.90663 3.13926 (Points: 4007)
Centroid 23: -5.07754 0.971283 -0.119468 -1.74542 0.438246 -4.45082 3.9606 -5.74211 -4.21024 6.09228 2.33382 6.78218 3.51845 -3.35795 -5.01158 -3.88647 (Points: 23438)
Centroid 24: 2.78228 -7.36353 -8.44272 3.44995 -8.99659 4.06188 6.45942 -3.43944 -5.27794 6.31809 -1.68011 -0.821467 7.54144 3.34636 9.47332 6.59491 (Points: 15624)
Centroid 25: 1.70307 -8.41614 9.48289 9.73222 3.9653 0.69618 -3.80386 6.29164 3.72218 -6.73537 8.21046 6.45944 9.00094 4.51689 2.26306 -1.62039 (Points: 7812)
Centroid 26: -4.13717 -3.42984 3.43834 5.08241 5.81389 5.8165 -8.17566 -0.114164 -8.84325 1.00635 -1.1555 7.75967 -2.97791 -7.64751 -7.14951 5.21139 (Points: 7812)
Centroid 27: 0.434979 -1.43099 -9.49458 -7.83224 -9.37933 2.74009 -3.72183 0.171639 8.12842 -4.99844 -1.80787 5.11428 -5.43337 -8.43393 -4.21421 -6.77314 (Points: 7813)
Centroid 28: -7.93606 8.07078 0.146528 6.52088 -3.58866 7.92509 -2.23578 -9.77756 8.14038 -8.17515 -3.64421 8.9741 8.9919 1.48478 2.62911 -1.04318 (Points: 7812)
Centroid 29: 7.2616 2.47932 -3.37686 -8.73929 -3.77698 -3.49236 4.58271 2.75632 7.73111 -0.570819 -7.63093 4.27841 5.25838 1.23733 5.42789 -0.12085 (Points: 7813)
Centroid 30: 9.27326 -2.44615 -3.66546 7.01968 -5.76537 8.79584 -9.86574 8.72622 -8.91864 7.43467 0.634592 9.79827 -8.24216 1.19262 9.04022 0.486802 (Points: 3875)
Centroid 31: 1.00803 4.30756 3.19577 -4.37774 9.08941 4.75378 1.08947 2.24513 -1.61456 -5.04134 -2.89425 5.1611 -9.71421 -7.70129 -9.07012 -9.19261 (Points: 7812)

============================================================
▶ RULEZ TESTUL: inputs/02_input_30sec.txt
============================================================
Starting K-Means clustering on 700000 points...
------------------------------------------------
Convergence reached in 100 iterations.
Execution Time (Core Loop): 30941.8 ms
------------------------------------------------
Centroid 0: 2.57545 3.92001 -0.919881 2.54997 1.6851 8.02137 -9.10627 -4.37555 9.01405 7.79251 -0.892805 2.37938 -4.45068 -6.23174 -0.741389 -2.9266 1.66743 -8.43393 9.47951 9.72893 3.97263 0.712183 -3.80414 6.2795 3.67487 -6.75426 8.21692 6.45518 8.99393 4.50014 2.27441 -1.6314 (Points: 21875)
Centroid 1: 3.18135 -6.74252 -8.604 2.85811 -9.4544 1.72146 8.80818 1.48572 -2.22833 2.8604 -0.851542 0.917011 8.83165 -2.27217 9.21545 8.11327 -6.09474 -8.63041 -7.97848 -9.64134 -8.09635 3.6575 -8.57334 -3.61476 6.89792 -9.53938 6.29023 -4.36619 -7.64713 3.94147 2.57615 7.55437 (Points: 21875)
Centroid 2: 2.10451 -1.57974 -3.85408 4.06907 0.532174 -1.82116 8.08692 8.45908 -4.86552 -6.1011 7.91758 5.85689 -6.91614 1.28721 2.40456 0.0384332 2.08738 -2.31498 -4.81903 0.8259 -1.59814 -7.42127 0.467378 2.93581 0.489595 4.51786 -5.46495 -2.05718 2.69698 -3.05665 -5.06217 -1.70864 (Points: 43750)
Centroid 3: -3.13209 -8.40146 5.64072 0.715154 -1.04645 7.98909 -7.67927 -0.510698 -10.2555 -0.857882 -8.93944 -7.49539 -7.82442 2.97484 5.26023 1.55606 9.21115 -2.02101 -4.29191 7.43041 -5.66763 9.1285 -10.1217 9.26965 -9.49535 8.38356 0.633516 9.52745 -8.39948 1.22243 9.69734 0.482678 (Points: 7218)
Centroid 4: -2.54905 -8.07847 5.49414 1.44528 -1.83514 8.44281 -8.36242 -0.28714 -9.41635 -0.725436 -8.81809 -7.80165 -7.43627 2.92556 4.73757 1.68825 9.78397 -3.00113 -4.20961 7.3776 -5.43236 9.75993 -9.7436 9.39304 -9.25336 7.44751 0.500491 10.3544 -8.00162 0.95296 9.13017 0.538955 (Points: 7359)
Centroid 5: -5.4639 4.73981 1.42782 5.81677 -7.32664 -4.46016 0.273314 7.30846 4.19207 -0.339145 -8.0774 6.39208 7.61691 -2.30291 -2.46149 -5.36777 0.731213 -2.88523 -2.43928 -2.83203 1.18046 -6.17816 -5.9287 -0.232514 -2.55413 3.655 -6.45301 -0.0372858 1.25887 -9.02007 -0.556923 -6.94822 (Points: 43750)
Centroid 6: -2.01361 1.19786 -6.88966 -6.36336 7.2342 8.9222 -2.54594 -4.57531 2.87465 -1.81661 -9.51343 -6.88176 4.33305 3.17586 -9.45478 -5.57913 -5.3746 3.44871 -9.60612 -7.91215 6.01307 -6.42014 3.05269 -5.23214 -7.99728 -5.12591 4.45606 7.12664 6.60328 -2.04377 3.35799 -5.89613 (Points: 21875)
Centroid 7: 0.98422 4.28709 3.22149 -4.41053 9.11157 4.75803 1.10352 2.2175 -1.61389 -5.06183 -2.88924 5.14093 -9.72352 -7.67425 -9.09031 -9.1683 7.1192 4.07705 -0.521681 -8.03533 -0.180572 -0.53165 -6.52784 -1.30668 -2.04236 2.32376 2.68738 -9.0895 -2.50353 2.51521 0.0699192 7.12733 (Points: 21875)
Centroid 8: -4.55944 1.81961 -2.77938 -8.16807 8.33553 -7.26558 8.99432 -1.07969 -6.30948 0.828232 7.45515 4.66523 6.1186 3.19705 3.85031 6.97316 -5.00926 -0.216882 -5.5694 9.75619 8.88161 -9.22444 4.1192 8.50636 -6.385 1.38434 8.31714 -9.31735 3.9615 -4.0589 8.47757 9.40152 (Points: 21875)
Centroid 9: 8.65714 7.32204 -9.08558 -9.46106 -2.47112 6.22574 9.76376 -6.98696 1.88919 -2.37111 9.39242 6.85203 6.76378 -0.636074 -1.71343 -4.52882 -8.86472 7.29309 6.25555 9.98397 9.92696 1.11532 5.37167 8.90338 6.99646 -5.04627 -0.985876 -7.41867 9.07489 2.12155 -5.42576 3.42248 (Points: 21875)
Centroid 10: -8.71101 8.97011 9.32116 6.18388 -3.9149 -8.05077 3.69158 -1.20325 -7.57327 -0.0884454 -9.32992 8.20008 -4.84162 3.23705 -3.77175 0.394978 0.950205 -6.30555 9.37645 5.49469 8.77211 7.90705 1.94865 8.4408 -8.23045 -6.08854 -9.10793 -3.5033 -2.22847 -4.59126 6.57419 -2.85857 (Points: 21875)
Centroid 11: -4.13418 7.93678 -9.75415 -8.30664 -5.8545 -9.47152 -6.36593 1.65831 -1.5804 7.8543 6.36669 -3.17513 -4.82504 -2.42503 1.79813 -4.6383 2.47095 -1.80429 1.05702 -1.28921 -4.11029 8.95733 5.28293 -7.19134 7.36591 -0.237691 7.9018 6.00522 -1.48671 -9.56336 -4.62738 0.835929 (Points: 21875)
Centroid 12: -4.47518 1.90572 -9.67456 -9.39278 6.56734 -2.55369 -7.54168 0.66263 5.31307 -5.85919 2.93965 -8.55132 -8.85572 0.489877 1.01308 2.59547 4.12282 9.6995 0.319144 -3.64106 5.65751 -4.78491 -1.15764 -9.04302 -9.46156 9.02486 6.6308 3.92214 -1.90552 -6.26837 -6.92208 -5.08571 (Points: 11068)
Centroid 13: -2.65523 2.66098 2.65725 0.695823 -8.19452 6.69962 -3.57395 -6.27408 -9.17551 1.81547 3.55546 -9.64948 0.232841 -5.47483 2.90877 -6.51319 3.81183 -2.24481 8.71878 -7.26204 -3.16462 -7.73202 8.51476 7.55363 -4.8606 3.21079 6.34916 1.08627 0.591447 -5.15937 -8.15037 7.95693 (Points: 21875)
Centroid 14: 8.71379 3.92369 1.38714 -8.06105 2.28409 9.7945 -7.19948 0.362062 7.55235 4.82239 3.93976 4.05682 -2.81497 -4.10319 6.19667 6.18824 7.33337 8.2587 0.218289 0.0319507 5.96393 2.99325 4.03226 5.93287 7.80703 -3.24066 -2.49941 -8.11777 1.56909 -9.27254 -0.682452 0.848393 (Points: 21875)
Centroid 15: 2.33422 -2.84142 -7.72946 3.42996 0.405127 5.43508 0.422119 7.0618 1.05306 1.20639 7.52026 -1.94176 -7.30419 -9.41902 5.0927 2.40247 4.07961 -5.73293 -7.28609 -9.70361 -2.99033 1.79831 -2.16057 -1.23884 8.07761 -3.03528 0.272104 5.65571 -2.06893 2.46044 7.25125 9.00632 (Points: 21875)
Centroid 16: 4.70668 6.09186 -4.34995 -6.45049 5.0291 6.12906 9.81245 -1.75233 -2.54267 5.52596 -3.19437 8.61868 7.16728 -1.42159 5.01898 5.07205 -7.94353 8.04952 0.106253 6.54135 -3.60332 7.92004 -2.2196 -9.7819 8.10706 -8.19162 -3.60863 8.99774 9.01427 1.48782 2.6474 -1.03552 (Points: 21875)
Centroid 17: -8.74089 9.8099 -3.55044 6.20894 -4.91579 3.63463 5.20444 1.92576 -0.536593 -1.75295 -3.02148 8.59463 6.60457 9.30947 -7.51804 4.61646 8.78039 -6.36624 -8.67203 4.81814 1.50139 6.84125 -7.20388 5.90768 -5.96735 -6.72671 -6.72215 6.30212 3.28752 0.445087 -2.79791 7.53908 (Points: 21875)
Centroid 18: -1.74845 -8.50675 5.46441 1.29287 -1.65575 7.94533 -7.33591 0.39918 -9.62786 -0.293567 -8.88564 -7.53077 -7.65495 3.06832 4.76471 1.78695 8.73857 -2.47878 -4.37866 7.2758 -5.49219 8.84225 -9.39443 9.49835 -8.71062 7.65014 0.535949 9.65602 -9.19371 1.04824 9.32146 0.306744 (Points: 7298)
Centroid 19: 2.65924 -4.84103 -7.22293 6.69901 9.69338 0.516521 -6.55664 -4.56739 -9.63223 8.27707 -7.64881 1.51685 -4.51433 1.06393 3.03131 6.5883 -5.84654 -9.77958 -7.25359 8.0049 7.47515 1.93114 2.00492 3.29723 -6.48872 8.28617 -1.6334 -2.33449 0.397846 -9.07021 -6.66482 4.75187 (Points: 21875)
Centroid 20: -9.85935 0.233076 -1.66515 -5.55491 -7.60182 -3.2388 8.85147 -3.52593 0.358926 4.05831 -2.73073 9.45094 9.23845 -4.96093 -0.0549842 -3.97285 -4.29276 -9.26486 2.19968 0.0571027 -8.97999 -4.43194 8.16634 -5.21184 -7.1105 -0.202211 9.71306 -5.14887 3.45062 5.22841 -5.24072 4.56721 (Points: 21875)
Centroid 21: -4.43258 -5.34442 9.4661 -1.70436 7.64297 2.57696 5.71754 -0.422529 1.49147 -0.071069 -6.35085 4.2632 -4.45078 -9.38168 2.62567 -6.89678 8.74078 9.14122 8.22301 -2.55 -9.68868 8.29078 -1.52538 9.15909 9.07798 7.17095 -4.0839 -2.1943 7.43569 -3.61916 -6.93826 1.17752 (Points: 11126)
Centroid 22: -4.38299 0.851809 -7.18036 6.05579 -8.50689 9.7501 5.42497 -6.02659 -9.87944 6.31115 4.13203 4.60122 5.43508 -8.50525 -2.84417 -7.69107 7.26705 2.48279 -3.36918 -8.74313 -3.78013 -3.50365 4.5723 2.74683 7.74494 -0.561961 -7.60554 4.24401 5.22784 1.23202 5.43325 -0.125747 (Points: 21875)
Centroid 23: -5.65523 -4.94916 1.72155 1.70349 7.06002 1.53029 -3.28118 1.27198 -9.31127 2.1263 -3.80355 8.48796 -5.00578 -4.67493 -7.71199 7.58255 1.20067 -3.02695 -8.48436 4.51912 -7.18359 7.2044 -0.882833 -7.27532 -8.77769 4.58134 -0.622474 -5.64228 5.89153 4.00053 5.10092 1.92749 (Points: 43750)
Centroid 24: 8.00629 2.66936 -3.22982 -2.98644 4.50717 7.93828 7.73096 5.60439 2.83005 -8.32434 -6.78647 7.96507 2.12686 -9.81087 -7.96677 3.26816 -9.89413 -6.76593 0.98458 3.8413 3.02575 -5.52521 4.2531 -5.25334 -3.47803 4.93565 2.99078 6.9803 3.17163 1.35348 -8.13162 -2.62055 (Points: 21875)
Centroid 25: -3.15565 6.41645 -7.78272 6.92845 -7.44784 -2.0582 5.93861 -7.00717 -5.41663 4.43756 4.40944 2.83669 3.88904 0.8531 -4.96617 -3.08905 -6.37532 8.17554 1.6833 -1.95887 -0.755494 8.95233 -6.94086 1.72951 0.121106 2.22411 -9.63667 7.43252 8.63754 1.29328 3.93263 8.45251 (Points: 21875)
Centroid 26: 0.449895 -1.43044 -9.48678 -7.87472 -9.36335 2.72047 -3.70256 0.164018 8.14728 -5.00572 -1.77606 5.11043 -5.43186 -8.45198 -4.20352 -6.77976 8.59353 6.15414 2.66448 7.43242 6.06651 -6.26772 7.84036 0.787204 6.14001 7.92343 -3.64833 -7.79961 -5.42974 -1.46175 6.3681 7.22362 (Points: 21875)
Centroid 27: -8.32654 2.48242 -2.97264 -4.12674 -4.21428 8.7055 0.85848 0.061995 4.22198 -2.63141 -8.37277 -3.34239 -2.84059 -1.01833 -4.28698 -2.31505 -5.33141 -2.90347 5.43306 0.43722 0.253032 1.58886 -2.02881 -7.20352 -7.2901 -5.67167 -5.77448 -7.50014 -6.92843 -2.54507 -6.20843 2.61506 (Points: 43750)
Centroid 28: -2.13425 6.33022 -1.22251 -2.47785 -0.764619 -3.98432 4.95318 0.0574257 -5.34453 8.0046 -2.33167 0.872393 8.12157 2.49226 -7.67644 8.7967 2.56959 -3.28742 -7.1997 5.86224 2.42354 0.690639 7.87577 5.7629 -6.97671 -3.782 -5.01792 4.86393 -9.33533 1.41479 5.24715 7.53691 (Points: 21875)
Centroid 29: -4.97502 -4.88837 9.45802 -2.61255 8.02586 2.69177 6.07813 0.54266 1.58804 -0.2254 -5.81603 4.62061 -4.31244 -9.63896 3.20126 -5.98684 8.85871 9.02771 8.36341 -2.65874 -9.68252 8.84187 -1.31279 9.47054 9.4835 6.93006 -4.11787 -2.39611 6.61061 -3.69369 -6.28924 1.09587 (Points: 10749)
Centroid 30: -4.07773 1.77357 -9.0919 -9.10732 6.34907 -3.03316 -7.35063 0.230315 5.47075 -5.51016 1.97357 -8.02505 -9.06789 0.778815 0.648403 2.9114 4.93569 9.31745 0.354448 -3.43377 6.14166 -4.40071 -1.26095 -7.82918 -9.51765 9.47128 6.80477 3.9106 -1.72439 -6.79081 -6.81411 -4.88758 (Points: 10807)
Centroid 31: -8.33956 2.07125 -5.10114 -2.2078 -4.22853 -2.89743 4.37984 -4.05474 1.30699 -0.490098 3.2867 8.74493 4.6464 -5.71133 -9.37241 -4.75664 1.90361 -8.97483 -0.0626839 1.92612 -3.32912 5.43824 -7.87898 -8.48561 4.56224 -0.0928962 3.77942 -1.3116 -5.07701 6.38742 5.98159 3.89779 (Points: 21875)

============================================================
▶ RULEZ TESTUL: inputs/03_input_2min.txt
============================================================
Starting K-Means clustering on 1400000 points...
------------------------------------------------
Convergence reached in 100 iterations.
Execution Time (Core Loop): 121393 ms
------------------------------------------------
Centroid 0: 6.30001 2.30932 -3.86492 2.48408 0.540588 -1.47993 -7.38218 7.72087 -0.992899 -6.10845 -2.64177 -1.70785 6.54418 4.66384 5.38631 -9.77995 -1.69404 -0.362823 -9.62612 -4.80063 5.21761 -7.26912 0.708614 -5.70247 -9.75631 -5.17918 9.52219 6.0303 9.19689 -0.238246 -7.79324 0.951085 (Points: 21875)
Centroid 1: -4.91457 5.05121 -3.19499 4.03153 -5.83205 0.710813 7.30744 -1.45539 1.27594 -2.61621 1.22882 0.611739 7.99326 4.19738 -6.39426 -1.94522 1.10206 -2.98829 -5.95938 5.71051 0.0599221 0.914234 -2.44213 5.017 -6.30664 -6.6881 -7.99479 5.50728 3.29804 -0.0273333 2.03522 6.83295 (Points: 43750)
Centroid 2: -7.88627 0.59764 -1.65012 9.70465 -7.47168 -1.93189 9.51582 7.50265 5.96319 -4.99681 -6.74897 3.53009 8.98111 1.33317 1.34975 -4.37687 5.50615 -6.20385 -3.36754 -1.76753 -0.345732 -5.36376 -7.63745 2.52136 -4.47849 1.47116 -6.73724 -0.506898 0.833983 -9.11738 -3.30914 -7.54183 (Points: 10777)
Centroid 3: 5.09361 -0.807861 6.85248 4.57022 5.52127 3.12302 -6.46123 0.88563 9.68027 8.75483 -9.13836 -6.72061 -7.37286 4.51156 6.35299 -5.73379 0.11477 6.79345 4.6598 0.855736 1.79997 0.16738 -4.03762 1.30327 3.79354 7.46436 2.72877 5.22413 -6.80274 -0.77516 -9.8238 -5.05718 (Points: 21875)
Centroid 4: 2.67339 -4.84415 -7.2213 6.70189 9.70784 0.504857 -6.55746 -4.56247 -9.64221 8.28774 -7.65505 1.53139 -4.51452 1.08716 3.0383 6.58162 -5.87196 -9.79016 -7.26654 7.98638 7.48226 1.92851 2.01293 3.29337 -6.46776 8.28892 -1.61488 -2.33205 0.375522 -9.07782 -6.68019 4.75674 (Points: 21875)
Centroid 5: -8.88199 0.394457 -1.93247 9.62742 -8.03556 -2.16742 9.25855 7.12278 6.66708 -4.71622 -6.40537 3.25359 8.20946 0.968771 1.5319 -4.44465 5.29315 -6.29969 -3.67943 -1.21366 0.61488 -4.91743 -7.76336 1.91453 -3.98715 1.75992 -7.07716 -0.275786 0.452937 -8.7979 -3.21112 -7.08002 (Points: 11098)
Centroid 6: 4.70098 6.05235 -4.35483 -6.45335 5.01465 6.15579 9.82085 -1.75194 -2.55419 5.55119 -3.17438 8.61587 7.18451 -1.42801 5.01988 5.08566 -7.92115 8.04964 0.0941129 6.53318 -3.60047 7.90853 -2.2145 -9.80165 8.10143 -8.17583 -3.61263 9.01366 9.00747 1.47864 2.63255 -1.02963 (Points: 21875)
Centroid 7: -3.40379 8.19912 -9.34662 3.40529 9.30462 1.39079 8.81307 -9.09403 -1.73406 -4.74851 4.54191 9.84163 -4.91326 2.96117 -6.06257 1.13801 -0.820684 9.75437 2.23241 -2.92243 -7.93266 -7.34448 -5.56864 -5.36145 6.95738 0.909802 0.0361173 -7.60305 7.41369 4.39299 -9.13612 4.41126 (Points: 11005)
Centroid 8: 4.51835 9.81827 -8.00364 -1.97265 5.9953 -5.92638 1.10403 4.66033 2.31996 -6.22429 -2.88706 5.66772 1.07679 -9.91033 5.21995 -9.29403 4.904 -5.94627 9.16743 -2.6278 -3.44872 -7.01773 -3.86994 7.52154 9.92609 -2.63351 -1.02038 4.43702 7.72915 1.85531 -2.14891 -1.73033 (Points: 21875)
Centroid 9: -2.66395 2.65685 2.67512 0.697555 -8.19638 6.70927 -3.5964 -6.25636 -9.1946 1.83285 3.53803 -9.6879 0.240598 -5.47589 2.91422 -6.51709 3.82861 -2.26747 8.73838 -7.23113 -3.18758 -7.73473 8.4999 7.54635 -4.84768 3.22025 6.32792 1.09123 0.608027 -5.16393 -8.1173 7.95134 (Points: 21875)
Centroid 10: -8.70004 8.96936 9.30041 6.15846 -3.90934 -8.06415 3.68394 -1.18973 -7.57101 -0.104273 -9.30306 8.20286 -4.83185 3.24626 -3.75861 0.395351 0.919667 -6.29515 9.3737 5.51592 8.77288 7.88317 1.95104 8.43146 -8.21363 -6.08256 -9.11124 -3.50049 -2.24457 -4.56225 6.56515 -2.86124 (Points: 21875)
Centroid 11: 9.17355 -0.672483 7.27833 6.81784 -3.39139 6.25161 -9.18092 2.30731 -5.48853 -7.41264 -8.23344 4.08131 -2.96528 4.12567 -8.88493 -3.54462 0.681281 5.40044 -3.47892 2.71364 7.6251 2.77829 -5.2424 -9.61236 7.27897 -9.65444 7.6209 0.664381 8.60825 6.30828 10.2223 -3.10178 (Points: 10909)
Centroid 12: 0.810757 4.48672 3.25911 -4.93021 9.25179 4.69261 1.30467 2.00028 -1.58187 -5.1701 -2.98145 5.14232 -9.50042 -7.52821 -8.95563 -9.10123 7.45304 3.3321 -0.674347 -8.364 -0.204026 -0.616506 -6.48432 -1.40399 -2.16977 2.74558 3.50175 -8.86264 -2.16815 2.89357 0.0251834 7.01185 (Points: 7339)
Centroid 13: 5.35186 -1.96364 -0.394349 2.55095 7.46493 9.66966 5.34695 -1.63746 -1.56722 4.75301 -5.21656 -7.78615 -2.90666 -4.23139 -4.08767 -5.32348 -9.15439 -9.64402 9.75284 -1.44139 -2.31716 3.5907 -5.63299 9.00073 5.73655 -8.22808 -1.65914 7.58027 8.89096 -0.659977 2.27256 -6.67472 (Points: 21875)
Centroid 14: -7.94996 8.74344 3.75593 -8.64321 -3.99172 4.15914 -8.64675 1.64072 -3.08696 2.41747 -9.08899 7.43231 9.47985 9.38926 5.00487 -7.39439 5.15997 -9.53051 -9.55448 -3.53183 -0.231017 5.42166 3.66448 -1.089 -4.52402 9.93789 -1.46939 -0.980585 -6.71984 5.90027 3.87862 -5.57984 (Points: 21875)
Centroid 15: -7.18377 -6.49414 -0.0591071 -1.62648 8.28995 -2.75045 1.62035 2.61791 -9.72773 3.27655 -6.42594 9.2173 -7.03039 -1.69554 -8.27563 9.94463 0.0248574 1.90661 -8.66103 5.01401 -5.79838 7.96543 -5.88454 -6.16977 -9.26274 -0.543985 1.30926 -8.68456 5.50241 -0.931796 0.490851 -1.19143 (Points: 21875)
Centroid 16: 0.817518 3.94067 3.11462 -4.13843 8.79672 4.70911 0.955689 2.10268 -1.97791 -4.90967 -2.96294 5.16236 -9.7611 -7.74391 -9.95579 -9.32881 7.0512 4.9349 -0.343039 -8.05899 -0.169195 -0.283539 -6.41879 -1.3573 -1.67978 2.25952 2.73812 -9.38658 -2.5831 2.30216 -0.0192535 7.33525 (Points: 7441)
Centroid 17: 8.02285 2.66819 -3.22164 -3.01974 4.53853 7.92962 7.73609 5.62279 2.83872 -8.31015 -6.77776 8.00087 2.11693 -9.82035 -7.98163 3.27574 -9.9092 -6.79075 0.955653 3.83198 3.03775 -5.51012 4.24732 -5.25669 -3.48795 4.94829 3.00301 6.98891 3.13832 1.35532 -8.1166 -2.64438 (Points: 21875)
Centroid 18: 7.26803 -1.39303 -3.56604 3.47918 6.16546 5.34358 6.19227 -1.3145 6.72315 -7.54415 0.798127 -10.1041 -3.49605 -2.67688 -2.10707 3.6649 -2.49056 -1.20632 -5.27166 -2.37346 -5.04573 -8.72946 1.82127 3.10052 2.47994 -0.651575 -2.29026 7.70167 0.315941 -0.0312272 -9.46615 -3.27815 (Points: 10769)
Centroid 19: -3.15468 6.42069 -7.78665 6.9195 -7.4566 -2.06432 5.94456 -6.99988 -5.41281 4.43615 4.40525 2.82262 3.88106 0.851359 -4.97161 -3.09195 -6.36952 8.16172 1.67745 -1.96917 -0.750003 8.94422 -6.93505 1.72061 0.11063 2.23551 -9.62175 7.46625 8.64596 1.30891 3.92477 8.45508 (Points: 21875)
Centroid 20: 1.29971 4.48035 3.19921 -4.11686 9.26553 4.87135 1.02147 2.60883 -1.24861 -5.07244 -2.6347 5.13897 -9.8369 -7.76347 -8.23946 -9.17462 6.7974 3.88469 -0.56228 -7.74532 -0.163903 -0.688385 -6.74158 -1.15079 -2.22285 1.94685 1.8198 -8.99928 -2.81944 2.34939 0.212458 7.08827 (Points: 7095)
Centroid 21: -4.14124 7.93939 -9.72892 -8.2821 -5.83291 -9.48223 -6.3723 1.6639 -1.56884 7.86345 6.33459 -3.18118 -4.82353 -2.40881 1.81131 -4.6418 2.47413 -1.81028 1.0587 -1.28838 -4.12443 8.95031 5.26526 -7.19721 7.35731 -0.244586 7.9063 5.98487 -1.4945 -9.56274 -4.61562 0.839687 (Points: 21875)
Centroid 22: -2.39037 -2.03281 1.60309 0.679033 2.15827 5.30877 6.26165 4.36586 9.11594 -9.62697 -6.08688 -9.85498 2.92721 7.95945 -5.14398 8.54281 -8.78412 8.67662 -2.96798 -7.97623 -0.28094 -4.86358 -4.29014 -3.86371 6.06024 0.768307 -3.77143 2.21069 4.29867 -4.54526 -1.73492 -7.57754 (Points: 21875)
Centroid 23: 1.96222 4.69289 9.94756 8.67582 2.86551 -1.56863 2.7423 5.74148 -7.6278 -1.80421 6.80486 -2.32035 1.43617 1.76067 -6.30801 -2.7488 -3.3131 -9.4712 -9.50133 6.64296 -4.56058 0.358218 -4.0338 8.81434 -4.80229 -1.39481 7.4536 6.84184 -6.29079 6.04297 -0.841152 -0.34468 (Points: 21875)
Centroid 24: 9.82494 -5.37115 8.8516 2.98801 2.15056 0.256346 -5.39686 -6.4706 -5.57927 -6.27366 5.56742 -2.98275 -8.8421 9.37836 7.65842 8.5567 9.90027 -6.52339 -2.08097 5.17902 3.91876 -6.93018 6.30109 -5.51801 -5.52417 0.743145 1.86833 1.58554 -8.17765 7.54222 -4.68696 -7.41636 (Points: 21875)
Centroid 25: -6.36924 3.62188 -6.38402 0.497871 4.17997 -7.86966 1.35439 -4.89548 9.27877 -0.338283 6.12208 1.00975 -9.11809 2.66861 9.0371 2.03638 6.3795 7.67962 -5.42503 -5.75946 2.22229 -1.77202 6.79147 7.99108 -2.92393 -5.27398 5.59886 -4.5022 6.44564 -1.50706 3.34175 -8.09597 (Points: 21875)
Centroid 26: 8.72895 3.92002 1.39026 -8.05388 2.30391 9.80956 -7.19277 0.36299 7.53771 4.81879 3.92686 4.04533 -2.82611 -4.13487 6.18586 6.19734 7.34557 8.27135 0.22543 0.0378904 5.96174 3.02467 4.04886 5.90197 7.79189 -3.24561 -2.49708 -8.11878 1.56353 -9.28637 -0.694851 0.870325 (Points: 21875)
Centroid 27: 0.322627 3.72832 -9.20205 -8.3824 4.30439 -8.57716 -8.27097 -9.47066 9.36984 4.90741 -2.38071 -3.95641 -2.8569 5.6716 3.25337 -6.16877 -6.77133 -7.76087 2.96346 5.71921 -4.52412 -9.47376 -8.45134 9.31729 -4.04299 5.55272 2.7413 -2.85549 -5.78098 -7.33432 2.29733 5.47159 (Points: 10914)
Centroid 28: 0.446304 -1.44846 -9.49979 -7.84295 -9.36027 2.7245 -3.7048 0.180095 8.14702 -4.9954 -1.78665 5.07845 -5.4166 -8.46859 -4.19461 -6.7834 8.58955 6.17137 2.68465 7.42802 6.06502 -6.25989 7.85292 0.782366 6.14844 7.91344 -3.64423 -7.79593 -5.4498 -1.45785 6.34972 7.21513 (Points: 21875)
Centroid 29: -6.80627 -5.36393 6.36149 3.01689 7.58033 2.21421 -5.97885 0.00411956 -5.02848 -3.44654 0.828737 1.0359 -0.29879 -2.33261 -7.05686 -1.77905 3.98439 -4.40541 -8.57884 6.95758 -8.69444 5.1732 6.89727 -6.80989 -7.73522 1.07199 -3.23683 -5.27691 5.0457 0.101206 4.95567 7.50734 (Points: 43750)
Centroid 30: 7.77699 9.11134 7.24439 6.18025 3.1095 1.00473 -8.24777 -1.84534 -2.55115 -4.79804 4.46098 -0.0867534 -8.36096 -5.61486 3.66134 -8.48948 7.02372 -0.0848823 -0.392009 1.84854 6.50161 -3.05695 3.56837 1.3182 -4.66876 7.57069 5.97466 3.15506 7.00913 7.35508 4.15293 6.74169 (Points: 21875)
Centroid 31: -8.34134 3.59977 3.0912 -4.52758 9.02675 -6.97814 -1.3505 8.85056 -1.59865 2.77409 -2.05041 -4.51141 9.67939 -1.82878 7.87765 -5.3999 -5.74312 -9.38241 3.0493 -2.62764 7.27872 -0.524018 9.34629 -6.28957 7.37104 5.56221 5.39887 6.90115 5.20934 2.51961 -7.39191 -9.34694 (Points: 21875)
Centroid 32: -4.5536 1.82994 -2.7729 -8.16459 8.35844 -7.26934 8.99457 -1.09977 -6.29917 0.853161 7.46055 4.64501 6.1205 3.17444 3.83531 6.98441 -5.01896 -0.221668 -5.57995 9.77432 8.8688 -9.19074 4.11692 8.49339 -6.39096 1.35305 8.31652 -9.3182 3.94905 -4.06562 8.49574 9.42187 (Points: 21875)
Centroid 33: 9.40684 -8.11525 3.46218 -1.12829 7.37113 -6.4559 3.85482 6.77204 8.89286 3.66501 -0.0494606 2.35359 7.39061 1.40057 -9.38251 8.62433 3.79092 3.51508 -5.66851 3.16808 -2.13861 3.02319 -7.87506 3.14534 9.97735 -9.05231 9.54359 -1.8704 7.41105 5.64293 1.34551 4.78353 (Points: 21875)
Centroid 34: 8.61764 -0.336703 7.20542 6.95508 -3.84255 6.91205 -9.3154 1.49334 -5.29572 -7.77826 -8.71514 3.74734 -3.44043 4.84632 -8.46616 -3.86728 0.882967 6.22487 -3.76151 2.31424 7.79275 1.87368 -5.42543 -9.40909 7.51257 -9.476 7.38359 0.493673 8.94777 5.6996 9.70025 -2.89693 (Points: 10966)
Centroid 35: -4.3806 0.847591 -7.17935 6.02335 -8.4967 9.74362 5.45877 -6.02744 -9.89141 6.30726 4.13743 4.59137 5.42817 -8.50669 -2.85087 -7.68369 7.2725 2.46856 -3.3872 -8.70757 -3.7707 -3.48239 4.57936 2.74297 7.74845 -0.539227 -7.59475 4.25012 5.21683 1.21844 5.39887 -0.128892 (Points: 21875)
Centroid 36: 2.46544 -0.976732 1.76282 -6.65349 4.72288 7.25553 -5.65869 -8.09431 -9.52397 2.8413 2.15921 0.932856 -5.37199 -2.17569 1.88717 -0.0700869 9.75218 -7.26371 3.89569 -1.89868 -1.42604 4.35934 3.85871 9.83812 -7.427 -7.93178 4.48764 1.56607 -4.52303 -8.42747 -8.29975 7.87153 (Points: 21875)
Centroid 37: 2.87248 0.612802 -9.17087 9.36999 5.96804 -4.13639 9.59541 2.02371 1.6291 4.96774 6.25569 3.12541 -7.44938 -3.21952 8.5716 -5.50489 -2.56015 -1.3621 -1.20552 2.24833 8.8549 -5.18809 -7.5645 -6.05019 7.72942 2.91146 -4.28421 6.32402 7.22437 6.92981 8.37097 -4.94773 (Points: 21875)
Centroid 38: 1.69867 7.34318 -5.8917 -7.76406 -4.60417 -8.85856 0.600301 8.7294 -9.22131 -7.56239 -0.947063 8.67012 -3.68268 0.142044 -9.18613 -7.02558 9.73123 9.30813 -9.91016 9.03092 2.7822 7.35235 -0.896328 0.31244 -0.222743 3.33975 -7.21402 -9.38708 -3.82786 4.08441 -5.96153 3.4675 (Points: 21875)
Centroid 39: 3.80829 3.74865 2.24867 5.01607 -6.77132 7.57296 7.48486 -9.63863 6.59111 -7.34324 -3.15854 5.32273 -6.41321 6.0768 6.70716 0.0434573 -9.88009 -4.45028 2.49379 9.93144 2.79679 -5.17928 2.85782 0.769182 5.50861 -8.34943 5.3296 0.898651 9.33024 -3.45531 2.14888 8.48689 (Points: 10996)
Centroid 40: -1.69958 -0.715122 -1.25731 0.463254 -4.26326 2.30289 -1.5272 -0.319791 -6.12714 -1.36039 -4.84791 -0.969777 0.0948019 6.03701 5.31446 -0.998084 6.51354 -1.86796 -4.59317 7.10356 -7.37027 8.65562 -5.25041 6.07463 -2.97234 7.86928 1.64685 6.05958 -8.59074 0.704269 1.20085 2.6016 (Points: 43750)
Centroid 41: 8.39474 2.34142 5.93232 -0.353187 -7.65338 -7.50563 3.71608 -1.38358 -5.98252 -0.153618 -8.71985 1.63907 -4.62557 5.96362 -3.7896 -0.889135 -9.77473 -8.56218 -2.15245 -0.381572 2.00072 -4.1715 3.91733 7.21735 5.58939 -9.22383 -0.418663 -7.89459 -5.15832 9.74154 -7.15296 -0.024596 (Points: 21875)
Centroid 42: -4.26501 1.80903 -9.39384 -9.25635 6.4566 -2.78868 -7.45641 0.451713 5.39051 -5.65977 2.46074 -8.29184 -8.95845 0.632534 0.82406 2.75271 4.51361 9.51412 0.331069 -3.53959 5.90977 -4.57769 -1.20123 -8.4283 -9.49023 9.24602 6.73043 3.921 -1.82794 -6.54638 -6.85896 -5.00814 (Points: 21875)
Centroid 43: 2.7662 -4.79156 -8.16252 3.12938 -4.53691 3.59364 4.60392 4.28702 -0.609811 2.03904 3.34045 -0.5051 0.762072 -5.85432 7.17447 5.25415 -0.989788 -7.18571 -7.64376 -9.67579 -5.54086 2.73479 -5.37494 -2.43425 7.48433 -6.2896 3.28097 0.655193 -4.84666 3.18693 4.91165 8.27822 (Points: 43750)
Centroid 44: -2.61733 1.40116 -3.20495 -0.00448654 -4.05032 2.50007 -8.48836 -1.38912 -5.18071 -3.00239 7.5094 -1.2994 5.09484 -3.39172 -4.85183 4.59991 6.52716 1.59866 1.13985 4.49744 -3.06402 0.563123 5.36713 6.08186 -6.24395 3.69746 -7.2703 -4.34556 -6.44935 -0.877024 6.25339 0.743975 (Points: 43750)
Centroid 45: 4.09226 3.465 2.5001 5.05226 -6.87365 7.65122 7.38547 -9.16451 6.45277 -7.48375 -3.42332 4.41633 -7.13913 6.65073 6.57798 0.254045 -9.85112 -4.10023 2.17775 9.27564 2.4737 -4.42911 2.50503 0.813946 5.66122 -7.41318 5.08761 0.794416 9.19397 -2.86622 3.11806 8.80084 (Points: 10879)
Centroid 46: 3.29448 5.91846 8.54229 -5.30894 -2.00148 -6.95686 9.84603 8.54439 0.789341 6.82878 0.420264 2.47108 -8.23139 5.09831 -7.43773 6.53094 5.63136 4.16813 -9.27216 -3.95315 -4.74494 -2.79919 -8.23691 8.72557 1.06579 -3.88858 -2.04363 -1.07569 2.02419 0.325985 8.36131 -0.0579503 (Points: 21875)
Centroid 47: -7.05729 8.54439 -0.157699 -4.81635 -0.812264 9.59463 -0.160858 -3.42142 2.67075 -5.20357 -8.50009 -7.41112 -7.45482 -6.95291 -7.21609 2.80445 -6.38057 -3.09183 7.94421 -0.51705 3.36122 -6.554 -6.15479 -9.17628 -6.61544 -4.41953 -6.45788 -8.22585 -7.5663 -0.776794 -5.88349 -2.70398 (Points: 21875)
Centroid 48: -1.97094 1.20413 -6.88452 -6.34795 7.23405 8.93536 -2.53821 -4.58059 2.85181 -1.82002 -9.48647 -6.8788 4.31844 3.17824 -9.47008 -5.54992 -5.38389 3.44583 -9.62673 -7.92302 6.01206 -6.43142 3.05786 -5.25428 -8.00678 -5.12518 4.44461 7.11939 6.61877 -2.04675 3.35946 -5.89569 (Points: 21875)
Centroid 49: 4.86176 -1.47641 -3.07314 -2.56927 9.74699 -9.19823 7.34753 1.57618 -1.22123 4.50634 -0.249136 7.46123 8.00433 -1.57804 -4.46641 1.83703 8.24798 -5.79211 2.47364 2.62638 4.66029 -7.36447 4.31072 8.17829 -6.41289 -5.23821 9.43134 -6.38566 7.09342 -0.152741 -5.05811 7.42011 (Points: 21875)
Centroid 50: 9.81612 7.03442 -5.81864 8.62787 -7.66196 6.35638 -2.40197 7.54362 7.36974 6.12925 5.80119 -3.91339 -8.38403 -1.95482 -6.52007 3.88913 -3.07368 9.52255 2.8318 6.45252 -7.34525 7.23125 8.46542 -0.262335 2.12956 5.31181 -6.51516 0.053766 -2.03884 -7.03683 -2.64368 -8.63933 (Points: 21875)
Centroid 51: 0.140153 3.49364 -9.11969 -8.23508 4.38282 -8.5423 -8.88199 -10.0394 8.86969 4.57104 -3.46389 -4.20248 -3.14209 5.32042 3.19982 -6.43736 -6.24941 -8.25957 3.42811 4.87291 -4.8949 -9.71895 -8.23751 9.39164 -4.15394 5.22475 2.25185 -1.81371 -5.98565 -7.80699 2.31491 5.4878 (Points: 10961)
Centroid 52: -2.16191 6.31607 -1.20513 -2.47639 -0.751678 -3.95483 4.95093 0.0564944 -5.33896 7.99034 -2.32696 0.854328 8.11098 2.47298 -7.66118 8.79955 2.56488 -3.28915 -7.22378 5.88119 2.39303 0.675854 7.86334 5.77271 -6.95146 -3.75013 -5.01586 4.86108 -9.30693 1.41871 5.24733 7.5268 (Points: 21875)
Centroid 53: 2.36821 4.04507 1.19388 -9.80572 -3.44984 0.347579 -8.24044 -2.96667 -9.33867 -8.42741 -2.08101 -7.37327 1.3453 3.79492 6.02203 -5.99822 -6.64871 -7.90418 2.72314 4.13753 -9.36543 8.71909 -8.95071 0.822244 4.17014 7.42812 4.26737 6.03524 -3.20463 6.29653 -8.40574 7.89451 (Points: 21875)
Centroid 54: 7.84841 -2.41531 -3.34227 3.21987 6.13348 5.13274 5.7121 -1.24281 5.99727 -7.66261 0.965045 -9.6481 -3.55397 -2.62211 -2.04657 4.11339 -1.96835 -0.881746 -5.19541 -2.70856 -5.84795 -8.36426 2.33947 3.61784 2.33046 -0.822798 -2.53676 6.80488 0.475766 -0.748933 -9.51277 -3.05771 (Points: 11106)
Centroid 55: -2.66577 7.80747 -9.75698 3.13778 9.23216 1.02786 8.66868 -8.80125 -1.52065 -4.86521 4.70261 9.40398 -4.82321 3.17334 -6.02658 1.45725 -0.610777 9.11332 2.12391 -3.10833 -7.48875 -6.60759 -5.41943 -4.58878 7.05325 1.52792 0.901537 -7.81224 6.95266 4.49827 -8.16382 3.91376 (Points: 10870)
Centroid 56: 3.91651 -9.92046 2.39655 -2.90651 5.89103 -8.14107 1.74804 -0.395098 2.83312 -8.71503 1.58758 1.22881 1.23653 2.06533 3.5258 6.10756 -4.62991 6.48432 -0.0485122 -8.45449 -8.8557 -3.30608 5.69511 4.14936 5.77107 0.347865 -1.20026 -7.06422 -3.44167 -1.32566 -8.22296 -5.58793 (Points: 21875)
Centroid 57: 4.1459 -6.9603 1.5282 2.13163 -1.52125 4.71935 8.69518 8.50288 -0.990613 -7.74328 9.68823 6.78178 -7.50954 8.42123 7.39918 0.36326 1.83737 -2.0282 -8.88951 -3.29945 6.04605 -9.92052 -3.32354 -2.03134 0.730675 8.39957 -3.06215 -3.05985 4.75441 -0.943169 -5.50572 -0.950341 (Points: 21875)
Centroid 58: 8.65773 7.32797 -9.09218 -9.47399 -2.47696 6.20925 9.74725 -7.00316 1.88538 -2.38099 9.40875 6.85414 6.766 -0.611627 -1.68476 -4.52675 -8.86654 7.30562 6.25211 10.0046 9.93038 1.09829 5.36948 8.8979 7.00013 -5.0542 -0.992068 -7.42784 9.07579 2.13007 -5.43586 3.44272 (Points: 21875)
Centroid 59: -1.22535 6.40327 -2.2812 3.98101 -2.15455 -7.61962 -0.68382 7.87109 -3.37771 -0.162404 -1.73766 7.18546 0.175288 -5.79427 -4.47716 -3.32275 -0.759588 -1.0641 -1.04878 0.37955 -3.51288 -6.08942 0.0561211 2.61524 -0.327097 3.17743 -6.92632 -0.377729 1.24571 -7.10987 -1.23682 -4.52502 (Points: 43750)
Centroid 60: -8.34477 2.0609 -5.08203 -2.22284 -4.23113 -2.8819 4.37503 -4.05341 1.33215 -0.471222 3.26491 8.74272 4.65008 -5.71272 -9.37793 -4.75192 1.88065 -8.98167 -0.059058 1.9452 -3.3202 5.4091 -7.86425 -8.49836 4.56553 -0.093321 3.77759 -1.31409 -5.08617 6.4015 5.97778 3.90602 (Points: 21875)
Centroid 61: -8.92537 -3.90633 -0.959549 -3.03106 -5.48373 3.04746 5.3468 -2.25876 2.78768 -1.07958 -1.98684 4.4523 6.71183 -2.89102 -3.44034 -5.26261 -4.46258 -5.69418 4.41194 -1.17977 -5.47282 3.50654 3.09617 -1.64036 -7.90936 -2.46351 -1.55696 -6.89706 1.76431 -2.09681 -3.71563 3.57754 (Points: 65625)
Centroid 62: -4.69076 -5.12777 9.47093 -2.13374 7.84864 2.62899 5.88718 0.0527462 1.53494 -0.150033 -6.09348 4.4359 -4.39427 -9.50303 2.90802 -6.45807 8.81006 9.08162 8.30489 -2.607 -9.69031 8.57224 -1.43709 9.34161 9.26238 7.06661 -4.11687 -2.30536 7.0282 -3.66682 -6.59525 1.11487 (Points: 21875)
Centroid 63: 2.5687 3.90848 -0.910892 2.55524 1.6844 8.00894 -9.08412 -4.37755 8.9964 7.80951 -0.897123 2.401 -4.45367 -6.23881 -0.741019 -2.92835 1.6793 -8.45778 9.4821 9.70098 3.9644 0.727935 -3.82468 6.2824 3.68951 -6.73646 8.2102 6.45516 9.00468 4.50459 2.27409 -1.63143 (Points: 21875)

============================================================
▶ RULEZ TESTUL: inputs/04_input_5min.txt
============================================================
Starting K-Means clustering on 3500000 points...
------------------------------------------------
Convergence reached in 100 iterations.
Execution Time (Core Loop): 305976 ms
------------------------------------------------
Centroid 0: 3.95397 3.60515 2.37157 5.04775 -6.83742 7.61763 7.42747 -9.40773 6.50902 -7.42279 -3.30113 4.86126 -6.78371 6.36716 6.64046 0.139302 -9.88215 -4.26326 2.33165 9.62824 2.62832 -4.79614 2.67073 0.794276 5.59731 -7.85294 5.21606 0.824248 9.25697 -3.15784 2.64565 8.63735 (Points: 54687)
Centroid 1: 3.91762 -9.93822 2.38918 -2.88912 5.88325 -8.13049 1.76538 -0.39417 2.84439 -8.69876 1.59761 1.22903 1.21931 2.07523 3.53214 6.10367 -4.60936 6.49754 -0.0412726 -8.46301 -8.82854 -3.32095 5.6926 4.16627 5.77556 0.352003 -1.20109 -7.05817 -3.43384 -1.31358 -8.22287 -5.59716 (Points: 54687)
Centroid 2: -2.57667 -8.61573 5.40813 1.14178 -1.79301 8.71079 -7.81351 -0.0154785 -9.63797 -1.00658 -8.57136 -7.74287 -7.56406 3.29315 4.90767 1.6333 9.13683 -2.12484 -4.45611 7.40686 -5.68811 9.09049 -9.75957 9.24569 -9.22981 7.49126 0.802084 9.79496 -8.3458 0.962573 9.37766 0.211158 (Points: 27412)
Centroid 3: 4.52586 9.83408 -8.0128 -1.9625 6.00225 -5.92602 1.09703 4.64845 2.31796 -6.24384 -2.89326 5.67904 1.08538 -9.89423 5.2165 -9.28989 4.91189 -5.95569 9.17458 -2.65606 -3.46252 -7.02429 -3.89489 7.53003 9.91301 -2.63245 -1.02261 4.43958 7.72092 1.86717 -2.16525 -1.73415 (Points: 54687)
Centroid 4: 2.78756 -4.73834 -7.17624 6.89288 9.08408 0.270136 -6.44628 -4.06974 -9.59862 8.65777 -7.83737 1.49635 -4.46346 1.65541 3.25524 7.04212 -6.15513 -9.58564 -7.68142 7.91489 7.29051 2.83023 2.26469 2.94099 -6.05224 8.33138 -1.39363 -2.67474 0.617393 -8.78231 -6.76407 4.76 (Points: 13635)
Centroid 5: 6.35164 -1.11232 5.99907 -3.21871 2.66823 -6.70643 6.85922 7.65021 4.84071 5.25347 0.17581 2.41789 -0.406151 3.26372 -8.41479 7.56583 4.72702 3.85106 -7.47631 -0.377327 -3.43037 0.11498 -8.05418 5.94111 5.53891 -6.46618 3.74547 -1.4544 4.71503 2.97948 4.85899 2.35126 (Points: 109374)
Centroid 6: -7.95189 8.73926 3.75693 -8.64139 -3.97607 4.14747 -8.66007 1.64323 -3.08574 2.41988 -9.08045 7.41992 9.47591 9.37696 4.98571 -7.39527 5.16075 -9.50699 -9.56212 -3.53894 -0.22353 5.4123 3.65682 -1.08346 -4.53394 9.93608 -1.48051 -0.968429 -6.72558 5.90562 3.87886 -5.59771 (Points: 54687)
Centroid 7: 7.78876 9.12021 7.24832 6.19467 3.09946 1.01114 -8.25408 -1.82432 -2.55053 -4.80821 4.4685 -0.0832763 -8.38065 -5.59169 3.66779 -8.48125 7.02969 -0.100967 -0.388794 1.83418 6.49572 -3.05336 3.57835 1.31176 -4.67198 7.55709 5.94324 3.1696 6.99709 7.35292 4.17217 6.73699 (Points: 54687)
Centroid 8: -2.8544 -2.49212 -7.48302 -5.36879 -8.98482 1.55746 -6.17891 3.09574 1.40673 -2.1053 2.9033 4.05728 -2.38324 -5.98444 -3.77178 -1.68497 9.23307 4.69648 1.91358 6.02235 2.69511 -7.53052 4.55128 4.96436 -0.175118 5.86516 -4.80653 -3.54751 -6.75619 -1.23241 5.74137 2.07892 (Points: 109375)
Centroid 9: -9.48694 -7.29739 9.25676 0.993672 9.31018 -1.35069 -3.75873 0.133195 -1.19467 -7.88723 2.81068 -5.66905 2.39329 3.00481 -6.961 -8.7772 5.62417 -0.795956 -8.83187 9.89055 -8.83651 3.88981 9.66662 -5.2267 -7.15653 -7.57238 -3.93396 -7.96474 3.8382 -8.75563 0.196248 9.93376 (Points: 54687)
Centroid 10: -8.70719 8.97918 9.31068 6.16437 -3.89912 -8.05006 3.69102 -1.1928 -7.56358 -0.0821634 -9.31371 8.17761 -4.82094 3.25347 -3.76709 0.400552 0.926307 -6.30027 9.39803 5.50758 8.78514 7.90782 1.95736 8.4408 -8.22261 -6.08216 -9.09102 -3.49416 -2.22898 -4.57452 6.57014 -2.8669 (Points: 54688)
Centroid 11: -8.78057 9.68324 -3.54026 6.47502 -4.91421 3.90421 5.06681 2.0386 -0.888094 -1.60936 -3.29694 8.31726 6.89889 9.04381 -7.58542 4.53295 8.75696 -6.2266 -8.44278 4.74269 1.57997 6.54791 -7.00859 5.88063 -5.89028 -6.80304 -6.98987 6.47191 3.03584 -0.04176 -3.24869 7.39511 (Points: 27454)
Centroid 12: 9.82366 -5.37326 8.8574 2.97905 2.14196 0.246944 -5.37267 -6.47343 -5.58674 -6.26069 5.58746 -2.98466 -8.85622 9.37996 7.67731 8.54899 9.91138 -6.51715 -2.08045 5.15765 3.91895 -6.92566 6.32222 -5.50678 -5.52065 0.737109 1.85529 1.60376 -8.17641 7.54666 -4.68725 -7.40758 (Points: 54687)
Centroid 13: 2.15102 1.75262 -5.38534 -1.93941 3.88438 3.7167 -4.95462 1.57847 0.935902 -3.97401 -6.07274 -4.29429 5.42771 3.92203 -2.04347 -7.66984 -3.52722 1.53475 -9.60771 -6.35856 5.6026 -6.83725 1.87702 -5.4621 -8.88728 -5.1528 6.97517 6.56703 7.89829 -1.15156 -2.21705 -2.46935 (Points: 109375)
Centroid 14: -4.37974 0.861233 -7.1773 6.03607 -8.50106 9.73605 5.43474 -6.01253 -9.89602 6.31892 4.12817 4.58113 5.41771 -8.51987 -2.83499 -7.6824 7.26462 2.46407 -3.38203 -8.72891 -3.78578 -3.49173 4.59966 2.75128 7.7408 -0.538917 -7.61279 4.26119 5.21935 1.21685 5.43329 -0.125 (Points: 54688)
Centroid 15: 2.61985 -5.30791 -7.62153 6.07512 9.262 0.412226 -6.1872 -4.83075 -9.154 8.47952 -7.85602 1.39566 -4.69396 0.55753 2.56267 6.11482 -5.45619 -9.33443 -7.30348 8.22675 7.72487 1.69462 1.80197 3.72713 -6.76215 8.53487 -2.02944 -2.41777 0.617623 -8.96598 -6.58713 4.87324 (Points: 13589)
Centroid 16: 9.39933 -0.506645 7.38811 6.86177 -3.504 7.04039 -9.27743 1.96498 -5.41725 -7.89861 -8.28333 3.8448 -3.19323 4.32276 -8.8774 -3.59096 1.13809 5.81709 -3.7382 2.06688 7.83177 2.27238 -5.05922 -9.47648 7.47976 -10.02 7.6028 0.504867 8.90077 5.68039 9.9013 -3.05739 (Points: 27285)
Centroid 17: -2.64211 2.64608 2.67366 0.709946 -8.18654 6.70282 -3.59287 -6.27791 -9.18093 1.8213 3.55297 -9.67971 0.237491 -5.46532 2.89029 -6.50125 3.81851 -2.2671 8.73026 -7.24976 -3.174 -7.72379 8.49127 7.53959 -4.84926 3.2008 6.34218 1.10996 0.58396 -5.16556 -8.13659 7.94691 (Points: 54688)
Centroid 18: -8.34376 2.05169 -5.10051 -2.21451 -4.22 -2.89077 4.3851 -4.06125 1.32355 -0.486482 3.26476 8.74174 4.641 -5.70612 -9.38139 -4.76197 1.89086 -8.96964 -0.0715208 1.93128 -3.3132 5.42032 -7.85826 -8.49306 4.56016 -0.0967037 3.77646 -1.30812 -5.06567 6.38075 5.97657 3.89165 (Points: 54688)
Centroid 19: -6.36467 3.61731 -6.38277 0.50742 4.18167 -7.87142 1.34297 -4.86243 9.25864 -0.328502 6.12812 1.00761 -9.12463 2.66534 9.0264 2.03443 6.38856 7.68572 -5.438 -5.76821 2.22545 -1.77853 6.79285 8.00261 -2.93174 -5.25711 5.60447 -4.50384 6.46466 -1.53549 3.35842 -8.08842 (Points: 54687)
Centroid 20: -7.09273 -8.31757 4.43302 0.158253 -1.37235 4.77217 5.40311 -6.68034 2.01581 -7.1999 5.3279 3.19326 9.28145 -8.3097 -8.44721 -3.99016 -4.54068 -5.06505 8.01868 -4.76676 -4.79273 5.21482 -1.15718 5.0957 -8.48543 -0.309883 -9.02774 -8.70455 7.71435 -7.37641 0.637927 -1.53506 (Points: 27138)
Centroid 21: 2.78693 -4.33381 -7.2054 6.68981 10.1702 0.197458 -6.64142 -4.2758 -9.67152 7.86247 -7.19883 1.49175 -4.56041 0.778478 3.97278 6.93757 -5.70274 -10.0471 -6.93695 7.86363 7.70009 1.30544 1.81556 3.23496 -6.54108 8.2743 -1.33366 -2.32213 0.0881429 -9.40208 -6.48509 5.02656 (Points: 13762)
Centroid 22: -9.10771 1.90892 0.717806 -5.04741 0.705566 -5.11359 3.75238 2.66618 -0.611443 3.41719 -2.38972 2.45864 9.4778 -3.38965 3.91709 -4.70539 -5.01289 -9.31692 2.60027 -1.28909 -0.845866 -2.48176 8.76037 -5.74597 0.132735 2.65624 7.56916 0.871738 4.33027 3.88181 -6.30983 -2.39101 (Points: 109375)
Centroid 23: -2.52676 7.41601 -8.89124 -4.26403 -6.42049 -6.49414 -0.815142 0.586963 -2.03537 2.86969 2.7648 1.26339 1.5054 3.34511 3.76393 -4.16077 3.13211 -1.53053 -1.93866 2.76711 -6.67607 8.4976 2.26206 -2.22681 5.2818 3.81731 5.32091 4.13719 -5.09236 -4.58849 -5.8051 2.78962 (Points: 109375)
Centroid 24: 0.235934 3.60071 -9.15773 -8.30258 4.32582 -8.55584 -8.57463 -9.76077 9.13956 4.75115 -2.94062 -4.05192 -3.00816 5.50164 3.2392 -6.29462 -6.51933 -8.02873 3.21644 5.29035 -4.69454 -9.58083 -8.35548 9.35204 -4.08112 5.39142 2.49076 -2.35308 -5.88468 -7.5648 2.29703 5.49253 (Points: 54687)
Centroid 25: -9.35282 -3.28509 -6.13345 -3.57849 -7.35272 8.09808 2.02525 3.73788 5.76891 0.231848 -8.3674 0.489462 2.1299 5.07974 -1.43674 -7.12766 -4.23072 -3.01803 3.0698 1.5979 -3.06548 9.9561 2.12186 -5.30518 -7.71112 -7.05663 -5.09051 -6.69647 -5.87906 -4.05503 -6.57917 8.16286 (Points: 27414)
Centroid 26: -8.69249 9.93503 -3.57779 5.9289 -4.89507 3.34556 5.32619 1.78306 -0.259435 -1.91718 -2.729 8.84956 6.32471 9.5563 -7.44798 4.70482 8.79312 -6.50606 -8.89339 4.91039 1.38712 7.11624 -7.36909 5.91978 -6.05726 -6.64196 -6.42732 6.12801 3.58088 0.95653 -2.39212 7.68923 (Points: 27234)
Centroid 27: -2.16015 6.31777 -1.21134 -2.46708 -0.752081 -3.97318 4.94742 0.0468106 -5.3661 8.0036 -2.31674 0.862509 8.11914 2.47752 -7.66088 8.79683 2.5475 -3.30608 -7.21021 5.88698 2.40454 0.672282 7.89176 5.77207 -6.95993 -3.76507 -5.02566 4.87821 -9.32779 1.3921 5.25427 7.54703 (Points: 54688)
Centroid 28: -4.56014 1.7992 -2.77781 -8.15912 8.34573 -7.26252 9.00496 -1.07939 -6.29382 0.836592 7.46525 4.63746 6.13506 3.17886 3.84871 6.97807 -5.01554 -0.21333 -5.57883 9.75393 8.88207 -9.22159 4.10538 8.49802 -6.3939 1.35536 8.30869 -9.33252 3.94007 -4.05397 8.4862 9.42322 (Points: 54688)
Centroid 29: 2.35885 -2.83996 -7.74069 3.43328 0.400775 5.44269 0.394785 7.05013 1.03084 1.21934 7.54285 -1.93309 -7.33013 -9.41962 5.09642 2.40924 4.08411 -5.74198 -7.27295 -9.70916 -2.98437 1.80052 -2.16164 -1.2503 8.08473 -3.0387 0.276173 5.67985 -2.05875 2.43497 7.25406 8.99401 (Points: 54688)
Centroid 30: 5.09286 -0.79454 6.83774 4.56544 5.5186 3.11771 -6.45596 0.896669 9.69141 8.74506 -9.13648 -6.70168 -7.37564 4.5191 6.3566 -5.72036 0.100344 6.80657 4.64945 0.854713 1.80515 0.164134 -4.04151 1.30234 3.77433 7.47153 2.74717 5.2228 -6.80023 -0.771545 -9.81039 -5.06505 (Points: 54687)
Centroid 31: 4.85112 -1.48933 -3.08594 -2.57848 9.7542 -9.18906 7.34485 1.58154 -1.22538 4.49627 -0.268995 7.46574 8.01876 -1.56925 -4.47446 1.84549 8.252 -5.78697 2.45954 2.62829 4.66358 -7.37658 4.30934 8.18502 -6.39784 -5.25296 9.44098 -6.38885 7.07594 -0.14691 -5.06481 7.40788 (Points: 54687)
Centroid 32: -7.57847 -6.78668 0.0806487 -1.78471 8.25476 -3.10359 1.55828 2.55036 -9.65337 3.08427 -6.51961 9.26372 -6.90713 -1.62359 -8.40052 10.3126 0.297174 2.27082 -8.93664 4.97022 -5.61635 8.03754 -5.83525 -5.99034 -9.22214 -0.907816 0.995392 -8.99588 5.48019 -1.20906 0.807403 -1.32251 (Points: 27309)
Centroid 33: 8.72636 3.9309 1.39793 -8.04642 2.29547 9.79166 -7.19126 0.369711 7.53467 4.81178 3.9488 4.07023 -2.80775 -4.1266 6.18576 6.19134 7.35227 8.26036 0.224156 0.0325256 5.96322 3.01461 4.0498 5.91306 7.80997 -3.23814 -2.48368 -8.13505 1.56837 -9.27942 -0.689235 0.86418 (Points: 54688)
Centroid 34: -9.86216 -3.83147 -5.39364 -3.30757 -7.84078 7.51349 1.72821 3.42743 5.80152 -0.310604 -8.16237 0.988002 1.32989 4.73384 -1.2937 -7.75875 -4.40505 -2.47095 2.79529 1.21451 -2.69159 9.48238 2.12716 -5.2144 -8.2216 -6.83003 -5.06696 -6.89662 -6.64331 -4.52943 -6.49801 7.70607 (Points: 27274)
Centroid 35: -1.03547 6.1389 -3.18643 -0.563323 9.18448 2.97813 4.91549 -3.3684 -1.61902 -4.91986 0.874363 7.39213 -7.29571 -2.29308 -7.55525 -3.93737 3.19667 6.75425 0.82334 -5.52463 -3.94169 -3.75216 -6.013 -3.14558 2.49291 1.77605 1.58132 -8.39839 2.34202 3.49126 -4.29507 5.63921 (Points: 109375)
Centroid 36: 2.36395 4.04101 1.19369 -9.79996 -3.46637 0.35142 -8.23883 -2.97252 -9.33177 -8.41977 -2.05975 -7.34326 1.35162 3.79282 6.01159 -5.98942 -6.6515 -7.90211 2.72844 4.12995 -9.3681 8.72876 -8.96231 0.817872 4.17204 7.42365 4.27238 6.03038 -3.20641 6.29566 -8.39049 7.88357 (Points: 54687)
Centroid 37: 8.37375 -0.513263 7.08552 6.92654 -3.73585 6.11184 -9.26325 1.8807 -5.39293 -7.27639 -8.62905 3.99334 -3.23728 4.66386 -8.49745 -3.80957 0.44293 5.82176 -3.51552 2.96693 7.58593 2.34802 -5.64534 -9.56289 7.32332 -9.13834 7.40093 0.660274 8.68126 6.25957 10.0104 -2.93495 (Points: 27402)
Centroid 38: -2.51018 9.00193 4.63999 1.96807 -6.8693 -6.88321 -8.83084 7.32783 2.01872 4.15294 -9.58657 9.40443 6.64078 -5.7567 -6.37171 -6.33531 -3.91288 0.497259 -1.36521 -4.15679 2.23464 -7.21734 -4.16114 -2.68195 -0.878277 5.70647 -6.00749 0.285123 1.82985 -9.07087 2.13744 -6.59248 (Points: 54688)
Centroid 39: -5.05714 -5.39324 9.29459 -1.79857 8.05279 2.32434 5.78207 0.0343931 1.22802 0.00781211 -6.23762 4.53094 -4.34623 -9.60036 2.8824 -6.70239 8.72573 8.97319 8.37944 -2.55274 -10.1356 8.68561 -1.6327 9.7345 9.37912 7.06807 -4.25032 -2.02403 7.30551 -3.7901 -6.96949 1.02161 (Points: 27331)
Centroid 40: 3.17732 -6.73152 -8.58053 2.85501 -9.4588 1.7129 8.80635 1.50688 -2.24737 2.87373 -0.843507 0.902861 8.82267 -2.27802 9.22331 8.10479 -6.08959 -8.61217 -7.97864 -9.6454 -8.11402 3.6423 -8.57721 -3.62532 6.90271 -9.5265 6.30059 -4.36391 -7.63379 3.92391 2.58266 7.55617 (Points: 54688)
Centroid 41: 4.70395 6.08307 -4.35047 -6.45452 5.01271 6.14025 9.80722 -1.76035 -2.55417 5.53723 -3.1873 8.61248 7.16216 -1.43019 5.01336 5.08885 -7.95266 8.04005 0.10894 6.54279 -3.60722 7.9144 -2.20744 -9.78951 8.11223 -8.17894 -3.60734 8.99737 9.00437 1.47641 2.6315 -1.03073 (Points: 54688)
Centroid 42: -7.55915 -8.47438 4.6599 -0.309187 -1.153 4.40772 5.2096 -6.93436 2.37967 -7.36667 4.75413 3.10015 8.9938 -8.92684 -9.25651 -4.70784 -4.98203 -5.05313 8.23031 -5.24913 -4.35114 5.16163 -0.847429 5.97154 -8.8854 -0.169236 -9.61239 -8.78542 8.51123 -7.05073 0.657949 -2.01494 (Points: 27549)
Centroid 43: -4.27193 1.80599 -9.38828 -9.26419 6.44364 -2.79438 -7.45771 0.443315 5.40886 -5.68555 2.45326 -8.30078 -8.97473 0.623065 0.809794 2.75148 4.53512 9.5188 0.325985 -3.53714 5.9045 -4.58061 -1.23182 -8.43128 -9.48767 9.26384 6.73177 3.92221 -1.80791 -6.52235 -6.87376 -4.99757 (Points: 54688)
Centroid 44: -8.3988 0.487235 -1.78136 9.65375 -7.76126 -2.04269 9.38597 7.30056 6.35159 -4.83691 -6.5812 3.3805 8.58293 1.12031 1.43687 -4.41313 5.38084 -6.25897 -3.53229 -1.48557 0.162022 -5.1584 -7.70037 2.20427 -4.22356 1.6189 -6.92323 -0.38269 0.652161 -8.95088 -3.26203 -7.31724 (Points: 54688)
Centroid 45: 2.48582 -5.0358 -6.8608 7.09752 10.2391 1.16661 -6.98343 -5.03313 -10.1287 8.16878 -7.6879 1.73275 -4.38736 1.33445 2.30834 6.2727 -6.12803 -10.1435 -7.18107 7.95962 7.22778 1.96124 2.1747 3.31124 -6.59232 8.02255 -1.75251 -1.91951 0.212521 -9.11747 -6.85842 4.34225 (Points: 13702)
Centroid 46: -7.05446 8.53278 -0.14857 -4.8342 -0.817595 9.59869 -0.148036 -3.41415 2.66848 -5.19871 -8.48133 -7.42283 -7.44254 -6.95702 -7.22128 2.81219 -6.35691 -3.09951 7.95053 -0.528024 3.34754 -6.55968 -6.15178 -9.189 -6.62106 -4.44247 -6.46252 -8.23456 -7.58721 -0.779371 -5.87476 -2.71036 (Points: 54688)
Centroid 47: 8.83588 2.45723 5.99415 -0.00615617 -7.41046 -7.64902 3.91866 -1.34021 -6.09249 -0.187586 -8.94718 1.62191 -4.57554 5.82288 -3.98848 -1.1598 -9.87418 -8.94259 -1.88622 -0.81463 1.91571 -4.69083 3.74894 7.38243 5.62678 -9.22164 -0.37681 -8.07901 -4.89739 9.69919 -7.02768 0.104543 (Points: 27267)
Centroid 48: 8.65198 7.32209 -9.08977 -9.46931 -2.47271 6.20437 9.75306 -6.98044 1.8885 -2.3707 9.39125 6.83181 6.76924 -0.635481 -1.70008 -4.52709 -8.87637 7.29727 6.26071 10.0042 9.93431 1.11222 5.37767 8.8909 6.98692 -5.04334 -0.992571 -7.42224 9.08319 2.11974 -5.43059 3.4332 (Points: 54688)
Centroid 49: 1.70955 7.36802 -5.8909 -7.76248 -4.60472 -8.84329 0.627607 8.72704 -9.20977 -7.56547 -0.952227 8.67918 -3.68067 0.151557 -9.17427 -7.02694 9.7342 9.30137 -9.89917 9.03649 2.7823 7.36257 -0.902013 0.312889 -0.21265 3.33916 -7.19834 -9.40717 -3.83806 4.09657 -5.95697 3.45933 (Points: 54687)
Centroid 50: -4.34343 -4.83165 9.61961 -2.46985 7.62576 2.92793 6.00216 0.0763374 1.84839 -0.318381 -5.96814 4.39023 -4.41162 -9.43613 2.95973 -6.21195 8.90195 9.17567 8.21218 -2.66491 -9.23075 8.4357 -1.24415 8.93842 9.17711 7.06802 -3.97692 -2.57648 6.76408 -3.52756 -6.26736 1.26556 (Points: 27357)
Centroid 51: 0.938282 6.34779 -0.956813 2.87219 0.532959 4.63949 -8.36981 -8.79514 -5.05831 -6.80316 7.42352 -5.63105 9.50998 -3.27049 -6.35384 5.79165 3.17486 -0.0352664 1.10239 4.3869 -5.42593 9.92397 9.48565 3.01395 -6.02816 3.60385 -8.55169 -9.39386 -4.83224 -0.742586 7.36184 4.55158 (Points: 54687)
Centroid 52: 7.39255 0.202279 -2.74436 2.77097 0.376064 6.06616 4.99957 5.09509 3.88811 -4.38448 2.40521 0.242694 -4.31281 -1.50714 -2.29124 2.86128 -3.34514 -0.0770513 -2.58886 1.11151 -0.924743 -4.1777 2.85549 -1.0443 0.442086 4.47359 -2.24589 2.81149 1.56664 -1.76601 -6.43851 -3.84951 (Points: 218750)
Centroid 53: -2.37271 -8.03894 5.67883 1.17177 -1.23786 7.52268 -7.73166 -0.280169 -9.90676 -0.235822 -9.17817 -7.5069 -7.71708 2.66966 4.93764 1.69694 9.34615 -2.89848 -4.11978 7.31451 -5.36215 9.43863 -9.74793 9.54675 -9.05372 8.13685 0.314388 9.92992 -8.70243 1.19981 9.3754 0.727594 (Points: 27276)
Centroid 54: -6.80279 -6.16879 -0.166589 -1.48258 8.34634 -2.40168 1.69293 2.74598 -9.81824 3.47847 -6.36509 9.14721 -7.14068 -1.77935 -8.19374 9.53755 -0.184588 1.54174 -8.39022 5.02112 -5.97214 7.88954 -5.97187 -6.36218 -9.30551 -0.219805 1.59812 -8.3914 5.54308 -0.636181 0.174031 -1.04568 (Points: 27379)
Centroid 55: 3.96611 0.975757 -0.65722 2.55431 4.57579 8.8514 -1.85762 -3.01307 3.72216 6.28193 -3.05558 -2.69223 -3.67295 -5.25297 -2.40288 -4.12981 -3.74606 -9.04616 9.62545 4.13894 0.830843 2.15858 -4.71846 7.63819 4.71074 -7.47654 3.27922 7.01513 8.94866 1.93745 2.26192 -4.15174 (Points: 109375)
Centroid 56: 2.88007 0.608918 -9.15889 9.36448 5.97736 -4.15016 9.59487 2.03801 1.65271 4.95874 6.23492 3.13205 -7.44258 -3.23127 8.56767 -5.50625 -2.55828 -1.36172 -1.22365 2.25744 8.85492 -5.18896 -7.57205 -6.05782 7.74444 2.92681 -4.28828 6.3084 7.22331 6.9247 8.39007 -4.95208 (Points: 54687)
Centroid 57: -4.1295 -3.4291 3.45133 5.04548 5.82913 5.78625 -8.18637 -0.113253 -8.84343 0.98748 -1.18105 7.76239 -2.98018 -7.64876 -7.14624 5.23106 2.36557 -7.97595 -8.3193 4.02265 -8.54989 6.43679 4.11708 -8.3734 -8.30687 9.73254 -2.51178 -2.59389 6.25273 8.9449 9.72712 5.05807 (Points: 54688)
Centroid 58: 7.98745 2.21407 5.86839 -0.716231 -7.88054 -7.31533 3.49236 -1.45903 -5.87057 -0.15416 -8.48805 1.63998 -4.67359 6.07877 -3.60421 -0.674847 -9.67493 -8.16223 -2.39657 -0.0020691 2.07815 -3.63839 4.04126 7.00727 5.57788 -9.19173 -0.414016 -7.73426 -5.412 9.79719 -7.26685 -0.116973 (Points: 27420)
Centroid 59: -2.12486 3.36098 -5.30374 4.39206 -7.09041 -2.11866 7.66149 -5.91421 -1.14352 0.473831 4.93938 -2.27932 6.64221 -0.0345669 -5.12417 -5.80644 -6.49455 4.28047 -0.790439 2.29841 -1.07562 1.96263 -2.30693 2.93353 -3.26638 -2.20309 -9.44759 6.08433 5.94911 0.390964 5.40751 7.28171 (Points: 109375)
Centroid 60: 0.06541 3.8029 -9.20926 5.9792 2.55281 -8.3646 7.47647 8.4018 -8.76781 -4.46367 6.12952 4.9684 -6.31589 -5.80962 -2.59156 -0.308697 2.36227 -2.62466 -0.748071 4.95338 -9.26264 -4.94245 4.27461 7.90318 0.239617 0.630598 -7.86163 -1.05294 0.641938 -5.14748 -4.62396 -2.46281 (Points: 54688)
Centroid 61: -2.3925 -2.02069 1.59736 0.672273 2.15062 5.30041 6.24649 4.35624 9.11418 -9.6276 -6.0716 -9.85526 2.95041 7.96019 -5.13772 8.53987 -8.7803 8.68156 -2.95638 -7.96869 -0.285609 -4.86917 -4.29336 -3.85596 6.06384 0.791072 -3.76439 2.19985 4.317 -4.55572 -1.7315 -7.55279 (Points: 54687)
Centroid 62: 2.46491 -0.968722 1.73701 -6.64509 4.73065 7.25549 -5.66409 -8.09442 -9.52744 2.84149 2.13501 0.93791 -5.36125 -2.18345 1.88933 -0.0576715 9.75776 -7.2745 3.90803 -1.91363 -1.43396 4.36182 3.85948 9.81882 -7.43347 -7.92827 4.49142 1.56604 -4.52985 -8.40885 -8.28322 7.87615 (Points: 54687)
Centroid 63: 1.96882 4.71969 9.96662 8.64781 2.84692 -1.57345 2.72024 5.71366 -7.643 -1.79805 6.80663 -2.32117 1.43752 1.75953 -6.3096 -2.76454 -3.32731 -9.47651 -9.51658 6.62088 -4.54725 0.359766 -4.01421 8.80933 -4.81949 -1.40234 7.45502 6.84277 -6.27677 6.04732 -0.838517 -0.340759 (Points: 54687)

============================================================
▶ RULEZ TESTUL: inputs/05_input_10min.txt
============================================================
Starting K-Means clustering on 3500000 points...
------------------------------------------------
Convergence reached in 100 iterations.
Execution Time (Core Loop): 617157 ms
------------------------------------------------
Centroid 0: -5.44787 8.06547 -2.38532 1.86614 -2.83218 -0.170761 5.08402 0.974157 -2.96495 3.09638 -2.6731 4.72584 7.37617 5.9004 -7.57706 6.70604 5.6632 -4.84952 -7.93859 5.35793 1.94812 3.76295 0.344206 5.84502 -6.45569 -5.24877 -5.87078 5.58263 -3.02337 0.937064 1.20415 7.53 (Points: 54688)
Centroid 1: -5.41441 -0.425871 -4.47699 -7.99873 -6.62191 -7.07632 9.04636 5.21475 9.51351 -0.765541 -4.25355 5.83407 -3.28375 -3.957 -5.02626 -7.54182 -5.24156 -2.64604 3.48391 -8.6979 -5.61932 6.28231 -7.08751 -3.12626 7.4857 -6.87522 -8.0232 -0.808145 -4.02871 1.45053 5.93585 -6.84074 (Points: 13663)
Centroid 2: -0.087801 0.847613 2.1896 -2.96057 -1.7217 6.98269 -4.62221 -7.18584 -9.37074 2.33683 2.84562 -4.3641 -2.55925 -3.8221 2.4006 -3.28337 6.77659 -4.78044 6.31722 -4.58291 -2.29807 -1.69209 6.16562 8.68678 -6.12418 -2.36251 5.41499 1.34492 -1.96079 -6.78456 -8.21201 7.92417 (Points: 54688)
Centroid 3: -0.921449 6.87833 -8.04853 -0.233825 -6.99367 -3.50169 4.74615 -0.471367 -2.4741 -2.11021 -0.806135 5.69344 7.84194 9.11499 5.72939 -3.71285 3.75839 -1.23488 -4.88758 6.82292 -9.22791 8.03646 -0.791644 2.75092 3.17495 7.89468 2.742 2.28502 -8.67814 0.349335 -6.99808 4.72953 (Points: 27344)
Centroid 4: -0.0308078 -9.75826 -9.81547 -2.85333 8.52616 -5.42071 2.68383 -5.55381 -3.56718 6.96923 4.58266 -8.10181 -1.42157 -9.41368 -0.369769 3.24102 -7.62 -4.21947 -2.03583 8.37403 9.87314 -9.09029 5.20653 -2.56512 -2.15479 5.10037 8.37416 9.01111 1.55263 -2.8684 5.75462 -4.97924 (Points: 27344)
Centroid 5: -4.37452 0.858146 -7.18208 6.03541 -8.51112 9.74761 5.45683 -6.02435 -9.88956 6.3302 4.13889 4.58346 5.42765 -8.51676 -2.82888 -7.6836 7.26426 2.46713 -3.38653 -8.72716 -3.78599 -3.50077 4.59086 2.73883 7.7568 -0.55892 -7.59675 4.26639 5.21164 1.2367 5.4245 -0.130367 (Points: 27344)
Centroid 6: 1.85118 7.1751 9.7104 -1.73095 6.30452 4.94942 1.0457 9.51498 -6.13531 -7.55559 7.2623 -1.32305 7.22572 7.77649 -8.77306 7.60716 -1.50179 0.316793 2.51155 8.4567 -9.98333 -0.384067 3.68611 4.38433 3.8401 -7.02633 -3.82079 -2.87222 5.88539 -4.31008 -5.47936 9.05718 (Points: 13730)
Centroid 7: 3.21539 5.61235 7.96824 -5.61574 -2.26484 -7.15181 9.50621 8.6071 0.577585 6.73856 0.865555 2.91026 -7.99144 4.96515 -7.73252 6.44055 5.76894 4.14811 -9.28179 -4.14318 -5.02183 -2.54101 -8.0619 8.62693 0.998667 -3.64215 -2.86935 -0.838656 1.78525 0.000647415 8.62333 -0.165246 (Points: 9090)
Centroid 8: 3.07627 -0.483654 -2.65591 -6.50996 6.55262 -2.9168 -6.03505 -7.18755 1.47648 4.32529 -4.278 -1.07343 -3.85017 4.36325 4.77035 -0.365468 -0.651548 -7.1354 -2.52145 4.62877 -3.66452 -5.46039 -8.86943 2.2694 -6.7006 6.47415 -1.31558 -0.611965 -7.55506 -2.11731 -0.618927 6.72688 (Points: 54687)
Centroid 9: -1.85763 -3.42805 -0.903488 5.25611 -7.48105 -6.06927 9.0373 -6.49213 1.35646 1.57947 -0.211573 2.89802 -5.39933 1.06601 -2.56056 3.25114 -7.17145 1.42335 -6.30487 -4.42234 -5.63734 -6.36107 6.52037 -4.28229 8.53682 9.40583 1.43598 -7.15071 -2.48882 5.95936 -2.65517 -8.24343 (Points: 27343)
Centroid 10: 9.68312 -4.23943 9.2193 -2.21994 -2.28367 -3.16606 0.811438 -6.91328 1.06535 0.831643 5.22908 6.66475 -1.20598 -3.95556 -4.81236 -6.09657 -8.85047 -3.14748 -4.58945 9.3197 1.16265 -3.0562 1.61288 -7.2131 -1.11556 2.51412 -0.238577 -1.96101 9.8643 7.60496 2.46005 1.37087 (Points: 27344)
Centroid 11: 8.8251 -2.04518 -7.89663 2.27673 -7.94004 -2.78464 0.108872 7.49991 0.0271623 3.89313 10.2474 -7.36931 -4.85848 -2.16296 -1.69048 -1.81443 7.78032 4.15763 2.34492 -3.72843 6.16845 9.13974 6.16707 -9.58767 2.56635 -8.82939 -4.76776 -9.13945 2.2946 3.9397 -7.76241 -2.13201 (Points: 13882)
Centroid 12: -1.20955 2.30551 0.651193 -3.86203 -3.00682 -1.38569 -3.13 -2.19536 2.41182 -6.14009 -4.14864 -2.54494 0.725263 -2.59746 6.95734 -0.382105 4.27486 5.73018 -3.05305 -1.99843 -1.30107 -3.30681 6.03617 7.81327 2.79441 -0.128021 3.0461 -3.94793 3.71121 -3.40931 2.86677 -6.31457 (Points: 82031)
Centroid 13: -1.98026 1.19676 -6.90685 -6.3621 7.24551 8.9174 -2.53814 -4.58127 2.87903 -1.8287 -9.50272 -6.87788 4.32414 3.17623 -9.45095 -5.57995 -5.38433 3.43102 -9.60239 -7.92676 6.00368 -6.43511 3.04452 -5.24325 -8.01573 -5.13481 4.43242 7.11792 6.61434 -2.05868 3.34506 -5.88698 (Points: 27344)
Centroid 14: 0.633511 -9.3418 -0.48163 -1.84233 -6.78805 3.13285 9.43106 1.23719 4.29514 -8.64158 -1.65168 -7.65742 2.25713 8.77172 3.23036 -8.47305 -2.89856 1.0074 -1.93756 6.67803 6.30586 2.22873 -2.54555 -4.89098 -7.8909 -2.89977 -1.73257 3.50128 3.16325 -8.59211 -2.0925 -6.3663 (Points: 27343)
Centroid 15: 3.79723 5.74792 -7.43832 -8.1349 -3.26994 -6.46659 -2.35881 2.17439 -1.56703 0.517098 -1.41191 8.40217 -3.62608 -0.149423 -7.32366 -2.11498 9.664 5.68056 -6.36739 5.98464 -2.37399 7.5677 -0.430277 -0.346002 0.746981 2.90911 -7.88967 -2.8597 -4.4961 4.19962 0.242274 4.76962 (Points: 54688)
Centroid 16: -6.15781 -3.5381 -5.47736 -2.90156 -8.59645 0.391453 -8.63957 6.00127 -5.32492 0.806275 7.60695 3.01207 0.662685 -3.50872 -3.34097 3.40047 9.87239 3.23395 1.15125 4.62476 -0.676499 -8.80282 1.24528 9.14723 -6.48272 3.80815 -5.97734 0.711173 -8.06589 -1.0042 5.13907 -3.03915 (Points: 27344)
Centroid 17: -8.99386 -8.93638 3.84385 -0.84178 -5.48159 2.28073 -4.92494 1.55881 -2.82162 6.47273 6.41583 -0.464203 -2.98655 -2.74624 6.12749 -3.43029 -5.83222 -8.30237 -0.67968 -0.345529 6.80365 -5.58024 -2.38552 6.17621 6.4712 -2.32627 -0.826188 -3.95248 8.66005 -7.62843 8.67252 3.67718 (Points: 27343)
Centroid 18: -8.16022 2.51127 -5.07996 -1.92714 -3.8206 -2.54538 4.05105 -4.09158 1.58836 -0.607365 3.12949 8.53346 4.84953 -5.68072 -9.0164 -4.57289 1.74061 -8.81095 -0.0945179 2.08453 -3.14473 5.43468 -7.98213 -8.42221 4.43772 -0.392976 3.99427 -1.29351 -4.96784 6.06322 6.14764 3.74771 (Points: 13636)
Centroid 19: -5.40421 -0.810251 -4.77669 -7.95985 -6.67807 -7.02799 9.87145 5.15427 9.19069 -1.6694 -4.58871 6.0863 -3.65183 -4.0828 -5.63998 -7.28354 -4.52989 -3.14131 3.47047 -8.78282 -5.98347 6.10745 -7.05179 -3.14913 7.09384 -6.93348 -8.66491 0.196249 -3.9128 1.08637 6.18742 -7.69096 (Points: 13680)
Centroid 20: -9.45782 -8.70051 -0.71304 8.18851 0.769211 -0.0359707 -7.88042 3.13315 6.42614 -2.39299 5.49058 9.28584 -5.91914 0.465919 -4.25379 5.86882 1.57154 2.68836 5.95243 -2.08094 8.29603 0.664843 -6.84474 3.91839 5.86665 -3.66548 7.12943 8.11955 -4.46966 9.67433 -7.17928 -5.97552 (Points: 27344)
Centroid 21: 1.60168 0.11102 -7.13516 2.49548 -4.52001 -0.239291 -8.37541 -0.801464 -3.87669 6.44973 -8.85271 -1.63355 -0.843474 4.50144 1.50506 3.35125 5.52474 7.2364 -3.71543 0.758196 6.80909 9.78901 7.79841 -2.57068 -6.09073 -0.216785 4.80777 -0.155442 -0.339518 6.77686 -2.77476 7.20454 (Points: 27344)
Centroid 22: 2.62988 -4.63315 -7.11545 6.59641 9.8115 0.172547 -6.77569 -4.53241 -10.093 8.33039 -7.60018 1.37546 -4.88482 1.3691 2.66477 6.54845 -5.97123 -9.28953 -7.58174 8.10984 7.5681 1.86383 1.95695 3.4903 -6.57294 8.45909 -1.71263 -2.7314 0.556909 -8.81819 -6.58761 4.66129 (Points: 13690)
Centroid 23: -4.82511 -1.30991 4.46914 -9.8112 1.8009 2.25594 2.75355 -5.17254 4.2987 -8.17682 -6.02439 7.55168 4.77483 -9.7127 -5.04108 -5.71813 -4.56966 -5.06074 -8.75101 -0.820214 4.67666 2.13875 3.45201 -8.37203 9.02444 6.76866 6.10898 6.46452 8.65498 0.890871 -5.98857 2.35045 (Points: 27343)
Centroid 24: -7.33568 -8.39201 4.55345 -0.0877342 -1.26847 4.58963 5.31244 -6.82562 2.20317 -7.30508 5.02224 3.12924 9.12695 -8.61478 -8.85997 -4.36939 -4.76457 -5.05742 8.12909 -5.00958 -4.55913 5.18954 -0.998059 5.54308 -8.6905 -0.247599 -9.33851 -8.75145 8.13217 -7.2133 0.663504 -1.78322 (Points: 27344)
Centroid 25: 2.70286 -5.02068 -7.29964 6.8107 9.56254 0.816842 -6.36635 -4.61733 -9.17883 8.26714 -7.69409 1.6682 -4.15963 0.777857 3.36481 6.67673 -5.75802 -10.2679 -6.93523 7.91567 7.3861 2.03785 2.0583 3.09432 -6.426 8.11008 -1.54687 -1.92249 0.204556 -9.29014 -6.75406 4.84742 (Points: 13654)
Centroid 26: 9.84758 7.03014 -5.83562 8.59881 -7.65284 6.34716 -2.38959 7.56712 7.37067 6.1107 5.79368 -3.89988 -8.37078 -1.954 -6.531 3.90734 -3.07064 9.52352 2.82456 6.4514 -7.36456 7.24624 8.44235 -0.264484 2.13026 5.29994 -6.4903 0.0549551 -2.01281 -7.05355 -2.64408 -8.64927 (Points: 27344)
Centroid 27: 2.36157 4.04908 1.18765 -9.80132 -3.46097 0.342621 -8.22354 -3.00163 -9.33189 -8.44193 -2.04829 -7.34491 1.35873 3.78024 6.01172 -6.01636 -6.64502 -7.90821 2.72685 4.12315 -9.37359 8.715 -8.94881 0.828844 4.18615 7.41325 4.30013 6.03208 -3.19771 6.28533 -8.4016 7.89621 (Points: 27344)
Centroid 28: 5.33012 -1.28462 8.36159 3.88994 -4.05757 5.38623 -6.91474 5.01209 -3.95169 -3.2916 -8.72757 1.22115 1.72068 5.3137 -7.10865 -4.5887 3.56214 7.2153 -5.85776 0.755831 2.23592 4.86012 -6.83787 -7.64891 6.23346 -9.27014 3.67562 -0.270888 2.732 1.94199 5.28195 -4.88805 (Points: 54687)
Centroid 29: -3.18129 -8.55624 -1.81745 -3.77147 3.53178 2.1153 -2.71465 -5.65485 9.78078 -0.922612 3.7556 -7.19572 -0.303108 -9.45092 0.101854 9.27845 -2.30543 -9.21196 -9.37099 -2.25539 -6.78994 -9.54175 5.12734 -0.822879 -4.20552 7.98365 -7.68469 9.1076 -3.72645 7.77776 2.05306 6.51569 (Points: 27344)
Centroid 30: -9.83681 9.96387 3.53098 6.55458 -4.11094 -9.69862 4.76507 6.67682 4.80973 -7.15205 5.07081 5.37266 3.1837 5.32858 6.91858 2.25984 -8.21534 -0.229605 -8.44086 -1.83323 -1.84801 -8.66966 -3.00977 -7.77698 6.1792 8.96915 -8.56223 9.08506 0.465695 -4.00841 -8.45672 -0.00515373 (Points: 27344)
Centroid 31: 4.53098 9.8302 -8.01116 -1.96505 6.01581 -5.92163 1.09856 4.64478 2.32783 -6.24646 -2.88494 5.67151 1.09428 -9.90345 5.22136 -9.29007 4.93343 -5.95344 9.15439 -2.65843 -3.45949 -7.02729 -3.89581 7.52054 9.91862 -2.63503 -1.03129 4.45025 7.70614 1.85879 -2.17594 -1.74751 (Points: 27344)
Centroid 32: 4.85242 4.75186 0.439392 -8.6253 -2.57571 8.39901 1.69343 0.755193 -4.62321 -2.61748 7.92315 3.32505 5.74292 -0.930977 2.59924 -5.02154 4.09859 -1.44089 -1.15699 2.97883 8.72649 -8.71696 6.49752 -4.15744 -1.11692 -9.5664 -3.97398 0.0419256 -8.87579 -0.176091 8.52737 -7.8819 (Points: 27343)
Centroid 33: 5.88753 -9.31502 1.66441 9.90639 7.11672 0.415071 -8.72386 6.61387 1.98004 -7.70864 -8.10706 8.18447 3.37141 6.56797 7.58121 1.43279 0.328729 -1.37202 -3.64558 -1.31805 5.49082 2.0606 7.85857 -1.12856 2.13982 2.63331 1.8353 4.05672 -5.25661 0.246226 -7.90883 -2.31376 (Points: 27344)
Centroid 34: 5.34522 -1.97777 -0.400755 2.55481 7.46746 9.68266 5.37305 -1.63233 -1.57708 4.75592 -5.23426 -7.79381 -2.91694 -4.25021 -4.06387 -5.33952 -9.15873 -9.64805 9.75247 -1.43399 -2.31919 3.59642 -5.62305 9.00502 5.71675 -8.22278 -1.63966 7.58356 8.91285 -0.636362 2.26696 -6.65361 (Points: 27344)
Centroid 35: 7.55863 -1.91894 -3.45962 3.35207 6.15288 5.23435 5.95901 -1.29093 6.35499 -7.59638 0.902602 -9.87916 -3.49673 -2.67512 -2.07184 3.91013 -2.23394 -1.03637 -5.25848 -2.52533 -5.46386 -8.54666 2.06776 3.34867 2.38567 -0.727261 -2.41089 7.25388 0.364979 -0.406462 -9.48283 -3.1851 (Points: 27344)
Centroid 36: -9.87207 0.207972 -1.64547 -5.55813 -7.60073 -3.25043 8.86208 -3.51315 0.372403 4.0566 -2.72456 9.43506 9.24364 -4.94321 -0.0676924 -3.99201 -4.30051 -9.26345 2.21454 0.0537235 -8.98163 -4.41231 8.17198 -5.22795 -7.09598 -0.210905 9.70023 -5.13406 3.42974 5.25486 -5.2591 4.55147 (Points: 27344)
Centroid 37: -4.69426 -5.11684 9.46982 -2.13486 7.83541 2.62352 5.9029 0.0529003 1.54308 -0.146795 -6.07547 4.44603 -4.39144 -9.52027 2.91916 -6.45021 8.80865 9.06549 8.31077 -2.59655 -9.69098 8.56091 -1.44159 9.32996 9.27861 7.07437 -4.10853 -2.29269 7.01208 -3.64751 -6.6098 1.13488 (Points: 27344)
Centroid 38: 2.36456 -2.82383 -7.72509 3.42603 0.421987 5.46703 0.400736 7.04854 1.0354 1.23169 7.53826 -1.93161 -7.31383 -9.4253 5.09925 2.39211 4.07331 -5.73956 -7.26738 -9.70671 -2.98605 1.80145 -2.15465 -1.22514 8.07988 -3.0543 0.289322 5.67802 -2.09493 2.44497 7.25968 9.01474 (Points: 27344)
Centroid 39: 3.17379 -6.73312 -8.60198 2.86244 -9.45789 1.71063 8.79528 1.51696 -2.22924 2.87589 -0.834736 0.912159 8.83168 -2.27485 9.22541 8.10013 -6.08823 -8.62614 -7.9701 -9.64149 -8.11684 3.66038 -8.5776 -3.62625 6.89621 -9.53758 6.28433 -4.37929 -7.64212 3.93077 2.57916 7.52607 (Points: 27344)
Centroid 40: 6.87976 -0.325544 0.283452 -3.84835 1.43491 -3.50037 -9.22253 -4.56461 -9.86732 9.56683 9.32933 -2.10277 4.5633 -3.0863 3.41892 6.10783 8.93831 -2.0001 5.66187 -4.68943 9.81246 -9.47147 2.06486 3.1603 3.75554 -7.5891 8.76745 -6.37033 2.44809 -5.55403 -3.83622 0.929353 (Points: 27343)
Centroid 41: -8.7043 8.97326 9.11275 6.09349 -4.06335 -7.83149 3.71575 -1.05902 -7.59677 0.108533 -9.40101 8.3573 -5.11643 3.19783 -3.54686 0.56396 1.25772 -6.56156 9.40452 5.07116 9.01511 7.46679 2.05112 8.18959 -8.6158 -6.19915 -9.04333 -3.82413 -2.19915 -4.73521 6.21838 -2.90082 (Points: 13818)
Centroid 42: 3.47426 -8.96248 0.961007 -4.25049 -3.84939 -2.95167 2.42733 -3.30845 4.65838 -1.91692 -8.6158 5.66849 -4.29128 -1.34315 3.71691 -3.3583 -8.87656 -2.52417 8.89625 2.85042 3.41935 2.64344 -6.0257 -1.63317 5.00774 -7.96609 -4.44891 -4.47081 -1.351 9.62096 -8.63799 0.379808 (Points: 27344)
Centroid 43: 8.59419 4.10617 1.67147 -7.62475 2.00337 9.39875 -7.03119 0.582606 7.69577 4.84506 3.89821 4.00757 -2.80715 -4.1264 6.14319 6.19497 7.15581 8.06528 0.343529 0.233588 5.75061 3.3019 3.90895 5.44701 7.5309 -3.36855 -2.11808 -8.18164 1.24723 -9.23263 -0.652206 0.729592 (Points: 13788)
Centroid 44: 7.76313 9.11184 7.22472 6.19621 3.0997 1.02712 -8.26747 -1.83383 -2.54138 -4.81126 4.47397 -0.0814397 -8.37771 -5.5975 3.65724 -8.46238 7.03401 -0.100805 -0.38143 1.84431 6.48036 -3.05911 3.5551 1.31668 -4.6573 7.57297 5.92588 3.16674 7.00321 7.34684 4.17484 6.7357 (Points: 27344)
Centroid 45: -0.974863 3.75104 -3.76436 6.39473 -4.1651 2.78022 1.83963 5.43701 4.26327 -4.46663 -6.92613 3.20634 6.67893 -1.27191 2.17311 -3.24808 4.83682 -6.12578 2.13812 -2.88004 -1.24794 -6.99923 -7.75501 1.26407 -4.43724 4.16168 -8.30782 -1.40187 -1.3041 -9.28449 -5.39403 -4.52725 (Points: 54688)
Centroid 46: 1.06378 0.0591277 -6.12389 7.18993 3.52461 6.7545 7.17419 4.95364 -1.21366 2.2046 -6.79827 3.46991 -6.41826 3.88385 -5.39987 -7.66377 -6.68566 -9.95981 4.36955 4.64021 0.290214 -6.76936 -8.33174 -9.6081 -6.68156 7.81528 -5.17196 -2.89806 -7.89145 -5.5563 0.38045 2.1381 (Points: 27343)
Centroid 47: 9.6699 -5.46208 9.05735 2.82944 1.91318 0.31272 -5.53653 -6.48863 -5.89739 -6.26905 5.55621 -2.92642 -8.80349 9.65865 7.28156 8.38943 9.89783 -6.32311 -2.59402 5.56403 4.12079 -6.81549 6.14784 -5.59013 -5.75064 0.758177 2.02652 2.01052 -7.77972 7.25241 -4.68115 -7.46308 (Points: 13426)
Centroid 48: 0.0653 3.7976 -9.22478 5.98691 2.55934 -8.3672 7.47956 8.42583 -8.76995 -4.46534 6.12419 4.95633 -6.30566 -5.80196 -2.57256 -0.296112 2.37158 -2.61346 -0.759227 4.94951 -9.2643 -4.95636 4.26852 7.89286 0.223276 0.639223 -7.85389 -1.04986 0.659193 -5.156 -4.61168 -2.45317 (Points: 27344)
Centroid 49: 1.87667 -5.92808 1.50028 -0.497676 -1.95893 -4.43029 5.51304 0.0020481 3.19772 -6.23094 3.53334 3.34158 0.813925 5.79236 -1.96338 -1.78032 0.401564 6.32691 -3.81811 -6.58349 -9.24549 -3.73294 5.57263 2.25053 1.36665 -1.11362 -5.58588 -5.5288 -0.25224 4.07117 -0.655098 -7.55263 (Points: 54688)
Centroid 50: -3.04105 8.00668 -9.55195 3.28125 9.25545 1.20082 8.7288 -8.94895 -1.62138 -4.80391 4.60847 9.62207 -4.87491 3.07059 -6.03926 1.29625 -0.74049 9.43588 2.16367 -3.00517 -7.72632 -6.98743 -5.49571 -4.97091 7.00931 1.22551 0.479123 -7.6988 7.20636 4.45215 -8.64897 4.14688 (Points: 27344)
Centroid 51: -1.10175 0.284791 -2.8171 1.8548 -6.74182 -2.16587 9.37738 -4.83007 3.14185 -3.50528 5.47092 -7.38565 9.39977 -0.93319 -5.27419 -8.53601 -6.59623 0.403202 -3.25201 6.56179 -1.36477 -5.02232 2.34972 4.13517 -6.65853 -6.65183 -9.26958 4.72022 3.2913 -0.50342 6.88546 6.12544 (Points: 27344)
Centroid 52: -4.78656 -3.09532 8.35619 -4.18891 -0.594201 7.81363 4.15043 -8.74903 -7.02717 -9.8396 2.61142 -1.04646 -7.30841 9.16826 0.599202 -5.17146 0.00823628 3.58035 -8.46866 -4.50676 6.13579 -0.803977 0.932686 -1.33508 -9.13778 -6.68635 -1.09386 -5.81554 -9.00495 6.86923 9.63695 5.85915 (Points: 27344)
Centroid 53: 8.45352 -2.0962 -8.62803 2.38884 -7.5246 -3.43378 0.176048 7.49353 -0.29882 4.23069 9.45488 -7.3791 -4.13749 -2.05446 -1.44155 -1.7265 8.53774 4.42957 1.97128 -3.89651 6.80466 9.05282 6.70214 -10.3808 2.86817 -9.14844 -4.98016 -8.44649 1.85131 3.53476 -7.65416 -2.52176 (Points: 13462)
Centroid 54: -4.85683 6.21214 3.52268 3.4022 -6.72888 -6.49489 -0.507882 6.16733 5.09403 4.66891 -3.81983 6.23865 7.21944 -2.08381 -1.85419 -6.59633 -2.22283 2.41246 -2.96975 -5.06945 -0.742227 -6.19908 -4.91735 -2.08517 3.65284 2.93168 -6.12213 -4.07742 2.88692 -5.70851 4.29971 -1.69552 (Points: 54687)
Centroid 55: -6.29948 7.86929 3.07978 -6.95939 -1.19604 2.30959 -8.32499 7.63305 6.0853 0.0966535 9.34586 -1.64196 9.68694 3.36004 2.69611 -6.67759 7.65977 -1.44191 -6.75357 -9.75558 1.19875 0.553508 4.3773 7.79918 -8.42784 4.6201 -6.25334 7.16735 6.38823 0.802364 4.20846 -3.70954 (Points: 27344)
Centroid 56: -1.27749 -6.60736 -6.81865 -1.68728 5.08236 7.79428 -7.99268 -1.86332 -8.58265 -9.60051 2.86733 1.63912 -6.59123 -5.29016 -9.18523 6.94938 9.96594 -7.82738 -5.85923 7.70509 8.60733 -1.62787 -8.87849 -9.01656 1.72049 -2.11981 -9.34432 1.89111 -9.83797 5.85942 -3.36071 -9.32266 (Points: 9018)
Centroid 57: 3.39799 5.55371 8.80855 -5.03191 -1.93485 -6.44616 9.75389 8.74786 0.8134 7.03136 0.292229 1.95492 -8.07395 5.06502 -7.34022 6.49698 6.06806 4.32106 -9.48454 -3.21167 -4.54387 -2.9644 -8.58809 8.55926 0.985764 -4.10781 -1.54383 -0.867049 1.99301 0.460383 8.02017 -0.326882 (Points: 9156)
Centroid 58: -1.85836 -6.37442 -6.10618 -1.31792 4.81348 8.2379 -8.03046 -2.09226 -8.08621 -9.45903 3.34492 1.7907 -7.09218 -5.49385 -10.0575 6.4467 9.35728 -6.84236 -4.92422 6.91255 8.38366 -1.51481 -9.23047 -9.32744 1.27201 -2.44112 -9.70591 1.31064 -9.75218 5.74106 -4.12078 -9.13632 (Points: 9187)
Centroid 59: -2.40517 -2.03635 1.60632 0.67276 2.14819 5.30176 6.26446 4.37782 9.11854 -9.62966 -6.06994 -9.85402 2.95042 7.96609 -5.12562 8.53769 -8.78568 8.68781 -2.94898 -7.95762 -0.292427 -4.88213 -4.28863 -3.85163 6.05398 0.778952 -3.77585 2.20386 4.31916 -4.53342 -1.72198 -7.56935 (Points: 27344)
Centroid 60: -3.16311 6.40966 -7.78956 6.93182 -7.47033 -2.06076 5.95229 -6.99397 -5.4234 4.44152 4.40151 2.82388 3.87947 0.851841 -4.95286 -3.09165 -6.38098 8.18133 1.65988 -1.97106 -0.762254 8.9473 -6.9196 1.71732 0.113329 2.22813 -9.64022 7.43924 8.64023 1.31043 3.92953 8.45817 (Points: 27344)
Centroid 61: 8.87987 3.72492 1.15985 -8.53243 2.59909 10.1662 -7.37898 0.120771 7.37876 4.78888 3.9663 4.13447 -2.80204 -4.13946 6.23159 6.21429 7.52009 8.46873 0.123248 -0.147349 6.16866 2.71024 4.14478 6.39964 8.09497 -3.10877 -2.851 -8.04313 1.89076 -9.33211 -0.703512 0.959846 (Points: 13556)
Centroid 62: 3.3039 6.56752 8.88354 -5.30791 -1.88992 -7.24151 10.2843 8.24863 0.992696 6.72975 0.0975902 2.57449 -8.59843 5.23887 -7.27712 6.6222 5.10892 4.04554 -9.00532 -4.50258 -4.65055 -2.90093 -8.06337 9.04936 1.24915 -3.91804 -1.82041 -1.44915 2.23012 0.472027 8.52389 0.314276 (Points: 9098)
Centroid 63: -8.35884 3.61236 3.09127 -4.52677 9.02397 -6.98714 -1.35285 8.86248 -1.60289 2.77083 -2.04256 -4.52457 9.68534 -1.81919 7.87519 -5.40728 -5.74667 -9.36406 3.02492 -2.63033 7.29035 -0.540785 9.34896 -6.29078 7.37284 5.53837 5.42375 6.87857 5.23871 2.51867 -7.37682 -9.34147 (Points: 27344)
Centroid 64: -7.18424 -6.45591 -0.0332389 -1.61967 8.2892 -2.74419 1.61271 2.64765 -9.74758 3.27398 -6.44426 9.22215 -7.03869 -1.70583 -8.29417 9.94306 0.0437099 1.91518 -8.64762 4.98968 -5.79473 7.96255 -5.8852 -6.18348 -9.26973 -0.572291 1.28859 -8.69243 5.51086 -0.938026 0.481484 -1.18154 (Points: 27344)
Centroid 65: -8.7081 8.97669 9.50364 6.23603 -3.74676 -8.24972 3.61119 -1.29655 -7.54049 -0.330394 -9.24591 7.99107 -4.51211 3.31524 -3.99522 0.218027 0.565781 -6.03143 9.34877 5.94853 8.57657 8.31716 1.84264 8.66709 -7.81284 -5.97337 -9.12523 -3.15745 -2.25565 -4.42197 6.94312 -2.8111 (Points: 13526)
Centroid 66: -1.81445 -7.36269 -6.82538 -1.90867 5.51259 7.84994 -8.90607 -2.51865 -7.39056 -9.956 3.50995 2.70665 -6.55178 -5.15081 -9.31845 6.73194 9.16296 -7.23487 -5.33969 7.51598 8.605 -1.68201 -8.83698 -9.28635 1.43897 -1.86323 -9.23784 1.78513 -9.77124 5.68869 -4.12008 -9.11438 (Points: 9138)
Centroid 67: 7.99772 2.66101 -3.2144 -3.01864 4.51631 7.94304 7.73116 5.60527 2.8403 -8.29875 -6.77157 7.97035 2.12798 -9.8162 -7.97892 3.25981 -9.90659 -6.78084 0.974835 3.83276 3.04343 -5.52245 4.23904 -5.2506 -3.48772 4.9296 2.99509 6.98613 3.14827 1.37166 -8.13466 -2.6513 (Points: 27344)
Centroid 68: 0.847802 -8.36435 -0.830256 -0.323467 -6.68073 8.91559 6.98535 3.38279 -0.76025 -1.77825 3.01672 0.896913 -8.76159 0.243644 6.13985 -0.819021 -8.96114 5.71884 -5.97204 -4.84717 -6.69944 -3.38756 5.12941 0.394171 -5.90859 7.55098 7.58535 7.40923 -5.22734 -0.975409 9.70122 5.44357 (Points: 27344)
Centroid 69: -2.14854 -1.16197 -0.749364 3.33912 6.58424 5.39703 -1.64434 -2.44297 8.47965 8.24364 -7.60118 -0.972919 -5.81714 5.29634 8.14896 -7.5521 4.03346 4.63055 7.07137 0.0744733 4.37622 -4.29789 -3.66634 -3.68268 6.64349 6.89228 4.8917 6.99052 -7.54337 -1.51928 -9.19619 -5.42141 (Points: 54687)
Centroid 70: 0.976191 4.29358 3.19108 -4.39283 9.08491 4.75863 1.08715 2.22573 -1.60671 -5.0421 -2.88635 5.14167 -9.73146 -7.6789 -9.08619 -9.1679 7.09573 4.08044 -0.528739 -8.03268 -0.158049 -0.531637 -6.52893 -1.32789 -2.0138 2.31336 2.6902 -9.09459 -2.49514 2.52811 0.065358 7.13007 (Points: 27344)
Centroid 71: 7.30767 -9.91959 4.2368 9.32295 -0.970554 -5.12184 4.12801 6.3417 1.11405 9.28526 -8.90109 -0.0214195 4.49333 7.20402 -6.3169 5.9632 1.08831 -1.77037 -7.07173 7.44612 -7.28574 -3.97288 -4.06699 7.40402 3.39885 5.93732 -5.46141 2.82152 1.61952 6.38604 7.83486 -9.51161 (Points: 13754)
Centroid 72: 8.48318 2.67345 6.06504 -0.287767 -7.64319 -7.02466 3.72939 -1.36604 -6.02322 -0.305398 -8.51504 1.46561 -4.48574 5.92493 -4.01653 -0.885686 -9.86577 -8.65591 -2.53367 -0.137467 1.96183 -4.34139 3.99373 7.35886 5.67579 -8.92676 -0.267506 -7.72799 -4.5926 9.38475 -7.08778 0.332634 (Points: 13583)
Centroid 73: 1.12209 0.40223 -7.52866 5.54318 -4.11175 0.212214 -4.48645 -7.26385 2.41529 -8.27438 5.21479 -3.56523 -10.486 0.0292117 -9.40149 -4.30072 4.32803 -8.30386 6.18778 -9.4762 -5.41654 4.68897 -3.61727 -8.13374 -2.61193 -4.60289 6.90632 -3.42853 5.44361 7.8515 -1.06949 8.13427 (Points: 8983)
Centroid 74: 0.4347 0.527672 3.4933 -2.26798 -5.34146 -6.26234 -8.96387 -5.10519 3.17474 8.20274 6.85794 4.51564 -1.00884 -0.461206 -4.28767 1.5634 1.85018 0.955285 -5.31507 -1.98962 2.87505 6.52952 -1.45363 2.9346 9.2804 -5.6236 -2.21991 -4.53009 6.81181 7.94913 -6.17785 2.51429 (Points: 54687)
Centroid 75: -4.20617 8.28097 5.3024 6.36671 -9.78666 9.32119 4.54924 -4.04497 6.14992 -4.81682 7.80724 -7.97405 4.27879 0.825594 -8.08869 -5.38437 -9.87933 -0.436309 -3.75556 1.81629 -4.14282 -3.94747 5.13535 -8.98613 7.87899 7.0544 3.38282 1.53024 7.95052 -6.10335 -7.92692 -5.39784 (Points: 13769)
Centroid 76: 4.00413 7.13708 -0.247932 -0.145323 0.893354 3.19561 -4.50322 -5.30652 -1.436 3.48153 1.10062 -4.02586 -6.18837 4.72219 4.67294 6.78622 5.97024 0.394943 2.69498 0.517975 -3.89002 1.65328 0.262692 -7.10158 3.85442 1.27556 4.78876 -8.26976 -1.65568 3.95226 -3.91819 4.83214 (Points: 82031)
Centroid 77: 1.24891 7.43535 9.51672 -2.02179 6.77957 5.60434 1.91515 8.7121 -5.85751 -8.04429 6.87505 -1.12976 6.64496 7.94019 -8.75007 7.73697 -0.571947 0.124226 2.55164 8.63016 -9.29511 -0.554924 3.79844 4.54921 3.8628 -7.57241 -4.21359 -2.76582 6.29696 -4.55077 -6.11197 9.24318 (Points: 13614)
Centroid 78: 2.97875 -8.51184 -2.48667 6.07137 -1.31226 9.96072 1.17612 -3.57286 -5.58594 -2.99123 -2.5473 -8.64136 -2.58847 -0.727239 4.46142 3.13987 4.17997 -9.83564 -5.64565 3.23021 -0.326444 -9.90883 6.10699 5.46281 0.975771 -8.6763 5.32695 1.67483 5.62971 5.03922 6.0466 0.366063 (Points: 27343)
Centroid 79: -3.72805 -4.57585 1.95049 7.31864 8.93381 -7.86914 -6.90193 8.88894 4.72441 7.66682 -5.94583 1.75374 4.02249 3.6002 -1.83978 -9.68642 1.66892 -4.94583 -0.978341 9.15173 -2.01545 6.78265 -6.24648 3.4517 9.54782 -7.97803 -9.84701 -1.32037 -8.14795 4.96332 8.30046 -1.32803 (Points: 27343)
Centroid 80: -1.6381 -0.158342 -3.17663 -5.22647 -6.24669 3.6234 -4.49939 3.9568 -5.1052 -0.501236 7.80453 3.19101 2.81314 -2.52368 -0.943448 0.0919488 7.62209 1.328 0.302151 4.11113 3.10764 -8.8515 3.42038 3.79741 -4.31305 -1.61025 -5.24902 0.491952 -8.49741 -0.715702 6.5159 -5.14459 (Points: 0)
Centroid 81: 8.65757 7.31123 -9.10197 -9.4897 -2.46423 6.18113 9.74312 -6.99236 1.88063 -2.36438 9.41408 6.83853 6.78107 -0.621062 -1.69099 -4.54644 -8.85826 7.29635 6.25013 10.0142 9.9378 1.12625 5.37284 8.88953 6.98754 -5.05224 -0.984349 -7.41534 9.08108 2.11284 -5.422 3.44981 (Points: 27344)
Centroid 82: -7.07262 8.53418 -0.152842 -4.82747 -0.792105 9.6068 -0.156595 -3.42504 2.66021 -5.18916 -8.50518 -7.4147 -7.43264 -6.95268 -7.21713 2.80934 -6.3424 -3.07187 7.94065 -0.526112 3.34334 -6.57068 -6.15285 -9.19411 -6.62806 -4.42206 -6.46095 -8.23046 -7.57622 -0.783146 -5.88614 -2.72995 (Points: 27344)
Centroid 83: -5.08282 -8.83366 -2.19006 -5.29751 -5.60889 9.18624 2.33745 1.14765 -1.66656 -1.42556 0.819308 3.91448 4.04177 -6.54707 0.00878113 -1.7681 7.40175 2.60973 0.640193 -7.69592 2.1141 -7.65085 -3.25796 -7.14376 3.85344 -5.87489 -2.15913 7.91532 -5.92513 0.146868 -1.60749 -9.64137 (Points: 27343)
Centroid 84: 1.13986 0.733925 -6.56301 5.68447 -4.6654 -0.371051 -4.60638 -7.23135 2.77633 -8.89773 4.22505 -3.74733 -9.72902 0.0761196 -8.83379 -4.27448 4.01219 -9.00431 7.19236 -10.0816 -4.9005 4.62143 -3.57128 -7.3162 -2.72439 -4.58465 6.51585 -4.00576 5.6996 8.11318 -1.16225 8.18663 (Points: 9130)
Centroid 85: -4.13837 8.14005 4.83517 5.80358 -9.47692 9.20518 4.50841 -3.76251 7.02987 -3.93045 7.11031 -7.53186 3.8729 0.799163 -8.07879 -4.92404 -9.64843 -0.811334 -4.18758 2.10618 -3.95864 -4.06956 4.60628 -9.12873 8.21478 7.00686 3.33871 2.20105 7.7439 -6.46266 -8.92135 -4.9858 (Points: 13575)
Centroid 86: -3.13132 4.57248 3.04164 6.91388 3.85235 -1.39933 3.45582 -4.50115 -3.88593 5.7908 -1.07993 5.97225 6.45173 7.14049 8.3326 -1.37075 -3.62899 1.65415 -2.57616 2.01011 4.09791 3.76678 -2.51228 -6.66532 -1.38921 -7.1617 7.79543 -3.07178 -6.91115 -9.49807 2.9318 2.73525 (Points: 27344)
Centroid 87: -3.33922 7.10297 -5.83886 -8.58088 -8.61283 8.80588 0.145926 -1.81495 6.21307 6.71616 -3.34191 3.86377 5.42273 3.08502 -6.97999 7.52563 0.79102 -4.35913 -1.50545 -9.26145 -7.4385 5.30065 -10.0058 -1.6793 0.44007 -8.90656 9.47762 -5.48217 -3.918 -3.92983 -5.40197 -9.96455 (Points: 27344)
Centroid 88: -9.60385 -3.55225 -5.76276 -3.45886 -7.5943 7.79958 1.88959 3.58615 5.77368 -0.0353329 -8.25446 0.749648 1.72317 4.91608 -1.35737 -7.44732 -4.32323 -2.73083 2.91985 1.42728 -2.87707 9.71469 2.1172 -5.25612 -7.97143 -6.94599 -5.07308 -6.79902 -6.26691 -4.30302 -6.53844 7.93705 (Points: 27344)
Centroid 89: -2.48232 -8.33237 5.54934 1.17001 -1.51812 8.11853 -7.77975 -0.145364 -9.7555 -0.623024 -8.87487 -7.61919 -7.64103 2.99125 4.91623 1.66249 9.25813 -2.50042 -4.29178 7.38877 -5.53226 9.27404 -9.76291 9.40343 -9.13952 7.83187 0.55156 9.87377 -8.52718 1.08429 9.38477 0.471023 (Points: 27344)
Centroid 90: 0.146637 0.150267 -2.92332 -5.381 9.04165 -8.23907 8.17264 0.259939 -3.75614 2.67075 3.6051 6.0568 7.0718 0.800802 -0.339414 4.41754 1.61535 -2.98716 -1.55831 6.19623 6.75039 -8.29399 4.22399 8.35772 -6.39749 -1.94749 8.8711 -7.85168 5.52325 -2.09654 1.71588 8.41755 (Points: 54688)
Centroid 91: -6.40531 9.41193 -7.7334 -1.92594 4.76928 4.08895 -1.52435 -3.07416 -2.05695 -4.71702 -5.89206 -0.335428 -4.61599 -4.23771 3.14544 9.36438 2.06829 -8.47333 -8.49968 9.03267 -4.0369 -8.15157 1.97489 2.47428 2.96591 -4.65455 -9.71862 9.28444 -4.98275 3.52149 4.14664 2.18131 (Points: 27344)
Centroid 92: 2.65514 2.88787 -0.105645 6.83141 3.19909 2.33036 -1.182 2.80466 -9.28394 -7.39021 7.10785 -0.0673194 7.12342 5.67549 8.09011 7.00662 -4.60155 -8.55065 1.93029 -2.25024 -9.30445 -2.78987 7.40547 0.665115 -2.54891 1.13004 -5.58995 -6.17285 1.35205 -3.23689 5.29354 -5.44923 (Points: 54687)
Centroid 93: -2.55995 -0.388733 -8.48739 -5.45503 5.73937 -5.68663 -7.93886 -1.22855 7.10915 -1.15288 3.00387 -5.53577 -3.54938 -4.58197 1.76373 5.50516 3.38764 8.49615 2.39566 -5.56731 6.97625 -6.62908 -0.27395 -7.80026 -9.63962 3.85775 1.31655 1.81711 -0.145701 -7.83135 -7.2112 -1.91463 (Points: 54688)
Centroid 94: -4.13724 -3.41879 3.47157 5.05709 5.83594 5.78665 -8.18487 -0.102974 -8.84604 0.990331 -1.18732 7.75951 -2.98492 -7.65837 -7.14246 5.23223 2.35035 -7.97316 -8.32228 4.02978 -8.5381 6.43483 4.12306 -8.38169 -8.30618 9.74001 -2.51987 -2.59124 6.24066 8.94352 9.71917 5.0657 (Points: 27344)
Centroid 95: 4.13684 -6.95384 1.51928 2.12738 -1.527 4.71378 8.6894 8.53057 -0.991244 -7.72418 9.71234 6.76406 -7.49858 8.4115 7.39921 0.374597 1.82292 -2.01734 -8.90696 -3.30719 6.06546 -9.88243 -3.32495 -2.03551 0.753026 8.40517 -3.07616 -3.08427 4.76312 -0.945224 -5.5113 -0.964406 (Points: 27344)
Centroid 96: 1.13672 6.63186 5.7059 -6.69763 3.35439 -5.98838 -5.64936 7.44102 -5.52104 -4.43003 -10.2552 7.00109 5.70934 3.20222 4.90835 -7.02724 -1.20731 -2.58785 -8.76153 -0.0815818 8.59714 -9.13306 -4.18433 -5.68801 -4.88275 8.06831 -0.510949 -0.702928 5.49916 -7.143 -0.119062 -1.52345 (Points: 9332)
Centroid 97: -0.2464 3.06262 9.00751 2.00755 4.88061 0.131031 2.67707 -8.59593 -4.90853 -2.7745 -0.529414 -9.08502 -7.21173 -4.47703 9.41911 -3.36914 -0.368246 -6.08419 2.20892 -4.3828 -5.84666 0.323689 -9.88671 -9.84181 -5.62765 -9.2837 -7.82986 -3.21222 6.04744 1.43559 0.247014 -4.1281 (Points: 27344)
Centroid 98: -9.48206 -7.28568 9.25926 0.977959 9.31995 -1.35291 -3.77135 0.108715 -1.20467 -7.87406 2.81029 -5.66573 2.39084 3.00831 -6.95793 -8.79647 5.61044 -0.791402 -8.83728 9.89734 -8.84387 3.88505 9.66523 -5.23439 -7.15297 -7.57609 -3.91901 -7.97607 3.83402 -8.75203 0.177684 9.9148 (Points: 27344)
Centroid 99: 5.00336 -7.4903 5.45646 -5.25211 3.54777 1.31163 8.57152 -2.25185 -8.69272 -9.60869 6.53865 0.484264 5.50756 -5.3006 -3.10613 -9.40405 9.22774 3.35772 8.68741 -4.69836 2.23089 3.58735 -3.65359 6.96368 8.93421 7.69667 4.77811 -4.43843 -4.36343 9.25919 -9.80349 4.33132 (Points: 27343)
Centroid 100: 7.06154 -5.16276 9.20569 -6.06786 9.00694 9.88971 4.25292 9.60844 1.38981 -4.80752 -1.28691 1.87812 -8.52978 2.45471 9.63464 -6.19082 5.83986 8.15886 8.87075 9.21049 0.435167 9.54586 5.14726 -6.77377 -0.469821 4.36051 -5.06322 2.82132 3.33332 -6.74349 1.30441 5.43097 (Points: 27344)
Centroid 101: 3.98142 2.45661 9.80176 -3.9483 -3.31963 -8.42811 -0.998345 -4.44872 -3.31677 6.4375 8.3679 -6.00882 -2.44526 8.28011 -8.6134 -7.839 -6.73662 1.56091 -6.61757 9.58131 -1.39132 -0.272935 -5.04244 -0.280371 3.01695 5.10679 5.37938 1.80761 8.02551 6.44507 5.02832 -9.04279 (Points: 13423)
Centroid 102: 6.28442 2.30044 -3.88054 2.49167 0.528626 -1.49123 -7.37224 7.73567 -1.0146 -6.10886 -2.64277 -1.70212 6.54405 4.66371 5.37344 -9.77315 -1.67268 -0.380861 -9.60971 -4.81533 5.2153 -7.23838 0.7065 -5.70192 -9.75653 -5.17776 9.52099 6.03503 9.18825 -0.253455 -7.80752 0.96594 (Points: 27344)
Centroid 103: 0.895721 0.0775526 -7.37164 5.29113 -4.91724 -0.00981059 -3.8759 -7.44561 2.55742 -9.54015 5.45642 -3.68393 -9.81975 0.526072 -8.98668 -4.85397 4.08828 -8.92103 6.99316 -10.2137 -4.90477 5.12082 -3.83355 -8.41771 -3.01371 -4.58687 7.13751 -3.75045 6.18231 7.54324 -1.69991 8.28198 (Points: 9231)
Centroid 104: -4.11553 7.90657 -9.74144 -8.29806 -5.84558 -9.46653 -6.37189 1.65998 -1.56243 7.83939 6.35697 -3.15844 -4.81843 -2.41625 1.82916 -4.65022 2.47693 -1.80619 1.01841 -1.27754 -4.10968 8.97 5.27594 -7.21204 7.37628 -0.265511 7.90356 5.98774 -1.49616 -9.54846 -4.62972 0.836168 (Points: 27344)
Centroid 105: -9.8741 -5.74937 3.27715 -1.76662 -1.966 7.68616 7.91079 8.1966 -3.72842 3.81878 -4.56145 -6.18379 -6.30316 -3.14717 -1.38067 6.62369 -7.60826 4.69986 0.637217 -4.2419 -0.155375 -4.00706 1.91806 -1.33455 -6.71703 -7.67465 0.937925 8.0511 -3.11466 4.66336 3.17319 8.62173 (Points: 27343)
Centroid 106: 0.79655 7.07914 6.282 -6.33769 3.54721 -5.42797 -5.80025 7.6286 -4.39036 -4.92742 -9.72307 6.86394 6.25772 2.00397 5.14273 -6.92923 -0.680453 -2.99257 -8.04619 0.0807233 7.92299 -9.45183 -3.99224 -6.0759 -5.68152 8.44151 -0.971169 -0.626198 5.43897 -6.8256 -0.277449 -1.29588 (Points: 8972)
Centroid 107: 3.95929 3.59362 2.388 5.0552 -6.82697 7.60797 7.44875 -9.4209 6.50707 -7.42521 -3.30035 4.85722 -6.78659 6.3456 6.6378 0.136532 -9.87117 -4.26099 2.34216 9.62926 2.63861 -4.79105 2.69181 0.798279 5.60337 -7.86669 5.21906 0.833872 9.26306 -3.16171 2.66517 8.64112 (Points: 27344)
Centroid 108: -6.85262 6.55258 -9.16249 -1.61201 -6.63464 7.57558 1.11954 -5.37383 0.0494102 4.62895 9.15711 -5.58083 7.72822 8.69815 8.32403 2.70393 2.59171 -1.91763 5.06053 0.6026 3.54691 -1.42818 4.63958 6.48898 -7.06449 6.67633 0.804885 6.8802 -1.37785 -2.41709 8.29601 -4.97613 (Points: 27343)
Centroid 109: 9.40195 -8.10754 3.45379 -1.13951 7.36606 -6.45448 3.85239 6.76527 8.8782 3.65122 -0.0495303 2.34304 7.3643 1.41169 -9.39374 8.63734 3.78785 3.52895 -5.68742 3.1753 -2.13268 3.02814 -7.86133 3.16325 9.99336 -9.03609 9.54182 -1.86818 7.39989 5.64202 1.35395 4.76333 (Points: 27344)
Centroid 110: 0.942156 6.34257 -0.945507 2.87949 0.532164 4.62979 -8.3569 -8.79668 -5.0637 -6.81576 7.44036 -5.62541 9.50677 -3.25358 -6.35317 5.79469 3.18492 -0.0228584 1.09607 4.38941 -5.44216 9.93698 9.49709 3.01697 -5.997 3.6033 -8.56334 -9.38313 -4.85549 -0.751785 7.36205 4.53525 (Points: 27344)
Centroid 111: 9.95323 -5.2552 8.66952 3.15103 2.40571 0.170597 -5.22933 -6.44692 -5.28765 -6.25074 5.58886 -3.06684 -8.87804 9.10098 8.05784 8.71203 9.92039 -6.73225 -1.56123 4.79967 3.73804 -7.00551 6.44436 -5.4334 -5.32916 0.707958 1.70734 1.23751 -8.55748 7.83801 -4.66951 -7.35992 (Points: 13918)
Centroid 112: 6.27884 -9.63758 3.90834 9.47917 -1.55452 -5.49212 4.07874 6.33172 0.760185 9.40873 -9.04385 0.212933 4.2267 7.30457 -6.49434 5.99021 1.03919 -2.36989 -7.64728 7.18232 -6.42907 -3.62897 -4.33813 7.46018 3.5062 5.92215 -4.49092 2.1451 1.23295 6.88949 8.3736 -10.004 (Points: 13590)
Centroid 113: 5.25316 -4.2137 -2.9664 4.45113 2.58645 6.24699 -5.84198 -3.56199 5.12249 3.52407 3.16284 3.44712 0.343333 -3.66771 0.43666 -0.857867 1.5112 -6.70114 6.35905 7.44143 -0.780374 -5.50963 -4.47693 4.81997 6.2377 -7.25612 1.41618 3.60745 2.11924 4.64505 2.75604 -3.65821 (Points: 82030)
Centroid 114: -8.38608 9.84997 -6.87353 9.77452 9.55929 5.87313 3.18036 1.57305 7.31377 -4.20204 -0.657165 2.39281 -1.78016 -1.45083 -3.40475 1.28563 7.00692 -5.96943 8.67938 3.77299 6.45877 1.12554 5.5766 -9.67586 6.38311 -9.20193 7.7954 9.82553 -4.13135 -5.79539 5.31931 -4.942 (Points: 27343)
Centroid 115: 1.94211 9.99851 5.39912 -2.04921 6.54763 -6.58778 -9.40264 -5.91461 -3.18826 0.197561 2.29671 8.20846 0.205616 0.0350021 -8.99972 -9.31614 1.01663 -1.2472 6.78362 -6.77209 -9.49802 -1.03039 -5.24173 -9.02011 4.50706 -7.78117 2.16019 -4.39106 -6.52706 -2.40281 6.03728 -2.16247 (Points: 27343)
Centroid 116: 4.24565 2.44608 9.7939 -3.56461 -3.12268 -8.43542 -1.31139 -5.08367 -2.94979 6.92921 9.0588 -6.55399 -2.67138 8.85419 -8.86353 -8.46398 -6.74502 2.22114 -7.3534 9.1562 -0.760614 0.310796 -5.09138 -0.864572 3.41942 4.93334 4.76143 1.29568 8.12625 6.23834 5.24941 -8.71334 (Points: 13920)
Centroid 117: -0.00182833 3.82134 3.95148 2.97622 -4.49825 -6.86778 2.71608 1.98938 -6.40682 4.11429 -0.918677 3.36156 6.74432 -6.59896 -9.62118 5.55438 2.18307 3.97348 6.74602 6.05882 9.22299 0.710111 -0.21851 -1.95374 -6.91855 1.45911 -4.45365 8.4299 1.66341 1.84764 -2.90586 -8.94631 (Points: 27343)
Centroid 118: 6.42182 1.32533 3.13032 7.97601 -2.00357 -3.47533 -9.77407 6.49411 6.02271 -7.91671 1.52039 -0.71583 -7.65016 9.61129 -5.70926 -8.66622 1.90495 4.78612 -9.32981 3.18915 0.653252 -7.93235 -6.53673 1.36639 -4.06922 8.77153 6.37324 9.66383 -4.81834 9.38643 -1.3749 -3.043 (Points: 27343)
Centroid 119: 0.455004 -1.44682 -9.4936 -7.83504 -9.38507 2.72354 -3.71259 0.18005 8.14111 -5.01266 -1.79543 5.114 -5.41119 -8.46644 -4.19765 -6.77608 8.58765 6.15803 2.66326 7.42326 6.06317 -6.26061 7.84852 0.79244 6.15247 7.91729 -3.63886 -7.79243 -5.4464 -1.44092 6.35256 7.20404 (Points: 27344)
Centroid 120: 1.43801 7.03721 5.79991 -6.46216 3.46422 -5.32861 -5.41899 7.39991 -5.06503 -4.83831 -9.95046 8.34547 5.64415 2.41018 4.96357 -6.92193 -0.601253 -3.32912 -7.5327 -0.848378 8.6993 -8.98534 -4.29816 -5.79019 -5.14797 7.99493 -0.470753 -0.675386 4.6866 -6.761 -0.400525 -1.32383 (Points: 9039)
Centroid 121: 2.42253 -5.96604 -2.09551 -9.21301 -0.475512 0.866521 -5.45401 9.27939 8.19389 4.4376 0.671829 7.40835 -7.38374 5.80881 -7.48917 5.8795 -4.49108 7.55021 8.87059 -7.02689 -0.746744 9.61086 -0.33081 7.26818 1.76922 -2.49734 -4.28167 -5.94667 5.26103 -2.26479 0.218907 -0.144075 (Points: 27344)
Centroid 122: -7.96629 8.76376 3.74684 -8.65492 -3.96968 4.14712 -8.63472 1.63518 -3.08014 2.40837 -9.0774 7.43093 9.47175 9.36261 4.99317 -7.40207 5.16392 -9.49685 -9.56415 -3.52407 -0.221015 5.3967 3.67224 -1.07974 -4.53518 9.94413 -1.476 -0.95969 -6.7302 5.89171 3.86201 -5.58632 (Points: 27344)
Centroid 123: 8.3377 2.00619 5.7909 -0.460897 -7.68982 -7.95633 3.69505 -1.38684 -5.94748 -0.000206366 -8.89467 1.82539 -4.73934 5.94291 -3.5801 -0.898343 -9.69214 -8.46261 -1.78848 -0.694004 2.01977 -4.00268 3.85441 7.01675 5.49892 -9.49828 -0.501026 -8.09883 -5.7136 10.0843 -7.18442 -0.37438 (Points: 13761)
Centroid 124: 4.69797 6.06915 -4.36925 -6.44836 5.02229 6.13811 9.80654 -1.76822 -2.56182 5.52781 -3.19461 8.61655 7.16707 -1.40809 5.0088 5.09056 -7.92278 8.04819 0.108225 6.53377 -3.61673 7.91237 -2.21387 -9.77718 8.10752 -8.18855 -3.60848 9.00598 9.00166 1.46838 2.63024 -1.02609 (Points: 27344)
Centroid 125: -8.50617 1.60472 -5.1087 -2.50717 -4.61825 -3.2515 4.73662 -4.02417 1.05482 -0.343778 3.39209 8.92147 4.44393 -5.69814 -9.7236 -4.94864 2.05977 -9.13162 -0.0865285 1.77202 -3.46254 5.39305 -7.76136 -8.57356 4.69511 0.21439 3.55006 -1.35927 -5.17298 6.71919 5.81422 4.05745 (Points: 13708)
Centroid 126: 1.95676 4.71638 9.95785 8.66021 2.84366 -1.57479 2.71956 5.70271 -7.62256 -1.80455 6.81493 -2.31733 1.44014 1.7403 -6.30785 -2.77402 -3.30974 -9.47262 -9.53318 6.63965 -4.53437 0.351318 -4.03119 8.82009 -4.80219 -1.41565 7.46611 6.8464 -6.28676 6.05227 -0.839488 -0.336899 (Points: 27344)
Centroid 127: 4.93006 -1.66297 -2.5408 4.0099 3.55546 2.09234 5.91944 5.26189 3.69218 1.00752 6.27335 1.59736 -2.75838 1.96903 4.19663 3.07888 -3.9441 -1.28384 -3.40866 7.24539 8.5311 0.600484 1.01398 -0.167241 6.17894 -2.0336 -2.52186 1.03136 5.49719 3.02479 4.9646 -7.03537 (Points: 82031)

=== TOATE TESTELE AU FOST FINALIZATE ===
(.venv) restlessstone@bazzite:~/VSCodeProjects/KMeans-GPU-Benchmark/solutions$ python results_concat.py 
Graficul a fost salvat cu succes ca 'grafic_benchmark_cpu.png'
(.venv) restlessstone@bazzite:~/VSCodeProjects/KMeans-GPU-Benchmark/solutions$ 