Starting K-Means clustering on 4898431 points...
------------------------------------------------
Convergence reached in 46 iterations.
Execution Time (Core Loop): 5307.3489 ms
------------------------------------------------
Centroid 0: 0.1503041326785931 -0.0003001688609044597 -0.0012197314192750977 -0.002391 -0.01513899999999976 -0.0011030000000000115 0.10163643946011969 0.016245494622359934 -0.008950273370902907 -0.0017610842948816157 -0.004609422589101383 -0.004545999999999707 0.005902824782333585 0.002557747356370811 0.005286829843642066 0.013663639893952785 0.0 -0.0006390000000000949 0.14108405368604288 -0.595261847558176 -1.19535082680081 -0.28466514638628915 -0.27818184032779536 1.6228298082126316 1.614681725123017 -1.397317094176532 10.69241849444191 0.1255768377670011 -0.04572052706895062 -1.5709684446419048 -1.5748508833186166 5.751331444913672 -0.6394790243425386 -0.0010605763263356264 -0.2805729451992878 -0.2776964309643621 1.5594448586447878 1.625925224324236 (Points: 33193)
Centroid 1: 7.299102 -0.000245 1.425577 -0.002391 -0.015139 -0.001103 4.238071 -0.004391 2.442792 1939.330858 -0.008258 -0.004546 1896.354756 16.095337 -0.008505 -0.028756 0.0 -0.000639 -0.028911 -1.575415 -1.196243 -0.466043 -0.465756 -0.248286 -0.24813 0.539733 -0.256057 -0.201059 -3.326741 -1.710977 -0.860227 0.638353 -1.153984 -0.156668 -0.466405 -0.465454 -0.250832 -0.249632 (Points: 1)
Centroid 2: -0.06240511985150374 -0.0019460717134739344 -0.001688116211638013 -0.0023909999999935905 -0.015138999999946327 -0.0011029999999971787 -0.025576929536419143 0.022447665838627114 -0.40769173130942843 -0.002079728266156089 -0.00825800000001629 -0.0040612291634165385 -0.0032820151944897707 -0.00957199999997967 -0.008504999999985467 -0.02875599999993006 0.0 -0.000639000000001654 -0.028775364405315907 -0.8827509746497076 -1.1651169275108666 -0.4660258654328266 -0.46560481158530376 4.0561258788405725 4.043530409597331 -1.3935508990486638 0.39019686350323046 -0.17521645284123386 -0.27478932330412675 -1.3850294810094046 -1.350013456138037 0.4638097962446285 -1.1057380669607773 0.48825379085461734 -0.46594745170732027 -0.46517288611021834 4.037030207104706 4.019843940028544 (Points: 255224)
Centroid 3: 22.986236099707337 0.04435619717582224 0.21468699552264559 -0.002391000000000121 -0.015139000000000312 -0.001103000000000044 0.1713965789564276 0.2551185171344936 -0.21634253418288177 0.04407486791803104 0.11687431961425848 0.10198504184604701 0.033840470466676674 4.366792159807081 -0.008505000000000023 0.2670598847942107 0.0 -0.0006389999999999971 0.10819965214396297 -1.5720000571723491 -1.1949164671947494 -0.4632696698811804 -0.4639539941449843 0.4380677012226509 0.44229138935768264 0.32442682073360585 0.7699389826071789 -0.19817990718098585 0.08527276924401957 -1.7580797069054446 -1.775173659376604 5.8432333452729885 0.5729748364043361 -0.1068340158429494 -0.4450956242466102 -0.44711941226105734 0.3283782527983459 0.4213875548475986 (Points: 5807)
Centroid 4: -0.06683299999999981 -0.0019190000000000053 -0.0016959092783505154 -0.0023909999999999947 69.98945200000003 -0.001102999999999998 -0.026521000000000013 -0.004390999999999991 -0.4093679999999985 -0.0020970000000000047 -0.008258000000000003 -0.004546000000000005 -0.0032849999999999924 -0.009572000000000018 -0.008505 -0.028756000000000132 0.0 -0.0006389999999999995 -0.028911000000000114 -1.295423298969072 -0.9970670876288661 -0.28036145463917617 -0.465756 -0.24136142474226838 -0.2481299999999999 0.3532742113402058 -0.14026929381443326 -0.2010590000000002 0.10110006494845462 -1.2323780618556703 -1.227858474226804 1.5847195185567056 -0.7405947979381441 -0.15666800000000033 -0.4123258484536078 -0.4654539999999987 0.7006242835051569 -0.24963200000000071 (Points: 970)
Centroid 5: 15.139233 -0.001949 2030.870377 -0.002391 -0.015139 -0.001103 -0.026521 -0.004391 -0.409368 -0.002097 -0.008258 -0.004546 -0.003285 -0.009572 -0.008505 -0.028756 0.0 -0.000639 -0.028911 -1.575415 -1.196243 -0.466043 -0.465756 4.057366 4.04998 0.539733 -0.256057 -0.201059 0.343933 -1.777069 -1.833023 5.70546 0.821119 -0.156668 -0.466405 -0.465454 4.079245 4.079791 (Points: 1)
Centroid 6: -0.06683300000061952 -0.0009236624767992439 -0.0016959999759272924 -0.0023909999999883495 -0.015138999999924012 -0.0011030000000008798 -0.026520999999743194 -0.004391000000013089 -0.40936799999829 -0.0020970000000013764 -0.008258000000023524 -0.004545999999979739 -0.0032850000000252807 -0.009571999999993154 -0.008505000000027092 -0.028755999999877845 0.0 -0.0006390000000028979 -0.028911000000152096 0.8294286707664492 0.8761863043928803 -0.466043000000078 -0.4657559999952678 -0.24828600000044293 -0.2481299999997092 0.5397329999959151 -0.2560569999996464 -0.20105899999975674 0.34386418878008707 0.6205164319699092 0.5983561569460603 -0.2826445800094523 0.8205968034122092 -0.1566680000004003 -0.46637492287899857 -0.46545399999878806 -0.25076689181576695 -0.24963199999792518 (Points: 2615678)
Centroid 7: 3.58572 0.001838 0.134956 -0.002391 -0.015139 1940.378529 8.502662 -0.004391 2.442792 16.593344 121.098972 247.445758 49.513295 16.095337 -0.008505 56.292649 0.0 -0.000639 -0.028911 -1.575415 -1.196243 -0.466043 -0.465756 -0.248286 -0.24813 0.539733 -0.256057 -0.201059 -3.451701 -1.777069 -1.638464 2.757325 -1.091612 -0.156668 -0.256892 -0.465454 -0.250832 -0.249632 (Points: 1)
Centroid 8: -0.066833 -0.001645 0.002866 -0.002391 -0.015139 -0.001103 2.105775 -0.004391 2.442792 1.553725 -0.008258 -0.004546 2.282096 -0.009572 -0.008505 -0.028756 0.0 1564.996645 -0.028911 -1.570698 -1.196243 0.843284 2.150306 -0.248286 -0.24813 -0.744637 11.833711 -0.201059 0.343933 -1.777069 -1.833023 -0.098681 -1.257937 -0.156668 -0.466405 2.151132 -0.250832 -0.249632 (Points: 1)
Centroid 9: -0.06683030728714606 -0.0019485867557382838 -0.0016905256869278972 -0.0023909999999928095 -0.015138999999941265 -0.0011029999999967205 -0.026493951421504 -0.0043910000000158805 -0.4092134119157081 -0.0020889262217919854 -0.008258000000017411 -0.004546000000008278 -0.003283828665753525 -0.00934913401325867 -0.00850499999998374 -0.028755999999905 0.0 -0.0006390000000017979 -0.028910999999921128 -0.6847313397727759 -1.1552100086639825 2.1520103571333875 2.1499045489745523 -0.24788629524917014 -0.24787830512564255 -1.848221082278752 0.5124515137267374 -0.20034907817283393 0.3393208295663304 -1.680866332758588 -1.7260540408193163 0.3188375522007109 -1.257500713470495 -0.15589323407358974 2.1517120995108647 2.150478814054833 -0.25063650672657933 -0.24944612233293822 (Points: 867153)
Centroid 10: 0.000909 -0.00175 0.010321 -0.002391 -0.015139 -0.001103 2.105775 -0.004391 2.442792 2.59094 -0.008258 -0.004546 2.536027 -0.009572 -0.008505 -0.028756 0.0 1564.996645 -0.028911 -1.575415 -1.196243 -0.466043 -0.465756 -0.248286 -0.24813 0.539733 -0.256057 -0.201059 0.343933 -1.616559 -1.662783 5.060555 -1.257937 -0.156668 1.052563 -0.020634 -0.250832 0.010133 (Points: 1)
Centroid 11: 3.821042415998531 -0.00024307887554072464 -0.001218929871693336 -0.002391000000000205 -0.008619340884181915 0.007833268456231599 -0.023404747490820197 0.004442035289820129 -0.30252463607640684 -0.0010771504653016273 -0.005655166713234913 -0.001886902404952745 0.0019268970964348138 -0.001438033033161797 -0.00850500000000174 -0.02330893864042276 0.0 -0.0006389999999999959 -0.025191012572810426 -1.5720887219585429 -1.1949104037908689 -0.40656904459563914 -0.40686101096103755 -0.22891894057476295 -0.22811513845122447 0.4005631369254052 0.30956299623899874 -0.18607298059273197 0.20040383027787592 -1.7596704117431123 -1.8042456148851156 6.651183747641525 0.6428542537773444 -0.1264717771712279 -0.4032694820865782 -0.406857071482417 -0.1649730959400488 -0.229260106643069 (Points: 46529)
Centroid 12: 49.801157 1465.813304 -0.001696 -0.002391 -0.015139 -0.001103 -0.026521 -0.004391 -0.409368 -0.002097 -0.008258 -0.004546 -0.003285 -0.009572 -0.008505 -0.028756 0.0 -0.000639 -0.028911 -1.575415 -1.196243 -0.466043 -0.465756 4.057366 4.04998 0.539733 -0.256057 -0.201059 -2.436408 -1.777069 -1.808703 0.822612 -1.133193 -0.156668 -0.466405 -0.465454 0.008973 4.079791 (Points: 1)
Centroid 13: -0.0668329999999174 -0.0013937974663964206 -0.0016959971663606495 -0.0023910000000020395 -0.0151389999999894 -0.0011030000000007048 -0.026521000000012816 -0.004390999999998154 -0.4093680000003649 -0.002096999999996074 -0.008257999999999838 -0.004545999999993708 -0.0032849999999959635 -0.009572000000011046 -0.008504999999987939 -0.028755999999977105 0.0 -0.0006389999999992563 -0.028910999999945206 0.6670720206451778 0.7362797764760548 -0.4660430000006456 -0.465756000000194 -0.2482859999997739 -0.24813000000003066 0.5397329999990631 -0.25605699999997206 -0.20105899999982074 0.3405438643777192 0.6190022105807965 0.5988697099688229 -0.2829071900796421 0.8210358288383058 -0.15666800000000136 -0.4664031291564089 -0.46545399999986825 -0.2507170344323082 -0.24963200000035196 (Points: 83991)
Centroid 14: 47.737091 1240.152161 -0.001696 -0.002391 -0.015139 -0.001103 -0.026521 -0.004391 -0.409368 -0.002097 -0.008258 -0.004546 -0.003285 -0.009572 -0.008505 -0.028756 0.0 -0.000639 -0.028911 -1.575415 -1.196243 -0.466043 -0.465756 4.057366 4.04998 0.539733 -0.256057 -0.201059 -2.389548 -1.777069 -1.808703 0.822612 -1.050031 -0.156668 -0.466405 -0.465454 0.182176 4.079791 (Points: 1)
Centroid 15: 34.00845133333333 600.7336803333333 -0.001696 -0.002391 -0.015139 -0.0011029999999999998 0.6842443333333333 -0.004391 -0.409368 -0.002097 -0.008258 -0.004545999999999999 -0.0032849999999999997 -0.009572 -0.008504999999999999 -0.028755999999999997 0.0 -0.0006389999999999999 -0.028911 -1.487361 -1.193533 0.22353600000000007 0.11849766666666663 2.923544333333333 3.0900686666666664 -0.2737016666666666 1.3156129999999997 -0.201059 -1.5200406666666666 -1.767627 -1.7924896666666665 0.6076436666666667 -1.0292403333333333 -0.156668 -0.3092703333333333 0.11891700000000008 -0.019894666666666665 2.391315666666667 (Points: 3)
Centroid 16: 6.630665500000001 -0.00031199999999999994 0.3621475 -0.002391 -0.015139 554.393077 -0.026521 136.9930425 2.442792 3.3688520000000004 60.545356999999996 -0.004546 4.3135455 4.016655 -0.008505 -0.028756 0.0 -0.000639 -0.028911 -1.575415 -1.196243 -0.466043 -0.465756 -0.248286 -0.24813 0.539733 -0.256057 -0.201059 -2.334878 -1.5929550000000001 -1.784383 0.31590050000000003 -1.2163555 0.44924899999999995 -0.466405 -0.465454 -0.250832 -0.249632 (Points: 2)
Centroid 17: -0.05923906047989662 -0.0007923173754995659 -0.0012413859691063796 -0.0023909999999996924 -0.0008653070048992907 0.0008459491594555147 -0.026221160164253157 0.06977673198151307 -0.4091273604679933 -0.002071476014033172 -0.008257999999998704 -0.002806197962441084 -0.003279643891189538 -0.00883599040982732 -0.008504999999998137 -0.028755999999995122 0.0 -0.0006390000000000239 -0.028667607590572002 -1.51489154215398 -1.1219609960763743 -0.464432726813699 -0.4642970423403369 -0.2403521379044726 -0.24021456824558549 0.49791459332489085 -0.10585141433182932 0.11424465972482187 0.012359692868548006 0.10054866146144818 0.1751075657285189 -0.14693571758923607 -1.0738316019449718 -0.09494184779475438 -0.46348611900547104 -0.46480127360821355 -0.23982847694194576 -0.2480789613721179 (Points: 142229)
Centroid 18: -0.06506252161221857 -1.4166466333977786e-05 0.0047658970605116684 -0.0023909999999986585 -0.01513899999997269 -0.0001670735175940948 0.0008585865504615449 -0.003928442743122666 2.442791999999511 -0.00013848476233462915 0.05144222885204141 -0.00036855187828789966 0.002712316773254518 0.009459778346498627 -0.008118578328943532 0.3625048427273242 0.0 -0.0006390000000003306 -0.028794117832707487 -1.528587179398169 -1.1446830516961504 -0.46240290546834534 -0.46120627818463283 -0.24519632905273178 -0.23934800072596477 0.5378563191193227 -0.24893475785538097 0.26000985352539663 0.07733486954612079 0.46442538758932933 0.45970314025240894 -0.23625570967055742 -1.2317840017020345 -0.06471861436182091 -0.46164757726456934 -0.4630103354507613 -0.23947587107583365 -0.24109840723389603 (Points: 296174)
Centroid 19: -0.06363205732853373 0.0007705691175329769 0.006175364504238242 -0.002390999999997255 -0.014870845599122927 -0.0003066419971218468 0.3010716486193001 -0.003997420824472785 2.350044624990569 -0.0008469712595647244 0.026534829829816323 -0.00028060825498076074 0.007223703606350649 0.01707819693116564 0.10821799968954789 -0.028351486363774346 0.0 -0.0006390000000006734 0.3561683385679514 -1.5465260915796306 -1.1598959049449589 -0.46078937746740795 -0.4600150749913543 -0.24369078614116704 -0.2425157302527028 0.5381856939532554 -0.2508307809190945 0.26415324654329914 -2.8809065342433096 0.24025193337411035 0.4025609722514001 -0.15039140176278395 -1.0027104744409594 0.7167067035581497 -0.4612674845959367 -0.46209215325655806 -0.21263243535543702 -0.19497021905568468 (Points: 348081)
Centroid 20: -0.06344512398880776 -0.00028566733383372236 0.000703406857226019 0.11969429713948951 0.024754644525067204 0.0032314553727803828 -0.007026967527733527 -0.002962872310481836 1.4651345369026343 -0.0013968965265620146 -0.0032080779751501626 0.0006130839796516709 0.0017868496268036776 0.04272429424150288 -0.00373275198065169 0.14150927426817483 0.0 -0.0006390000000000515 -0.01988927042157207 -1.5747331706803034 -1.1805314595528122 -0.4611383455818877 -0.45853897338643795 0.237468369381124 0.24610425783926657 0.5350843746143421 -0.23735546574516816 6.291041682857534 -2.2819561224564384 -0.2122790488074317 0.08654644280083058 0.06122116270534231 -0.7867903013301892 2.503108180072635 -0.45367464117894435 -0.461117830727267 0.24247259589491826 0.20969534648912436 (Points: 95928)
Centroid 21: 13.264307986486486 -0.000868635135135135 0.3048579864864865 -0.0023910000000000008 -0.015139 9.363663554054058 0.34807150000000003 11.103509 2.4427920000000003 93.00736451351351 121.09897200000002 239.08595043243244 100.58777704054054 5.757726513513514 -0.008505 68.47025000000001 0.0 -0.0006389999999999999 -0.028910999999999985 -1.5752875135135138 -1.196188067567568 -0.09447709459459468 -0.0768819189189189 -0.10282478378378378 -0.1319648648648648 0.5223766486486487 -0.09268175675675679 -0.20105899999999993 -1.6866528243243242 -1.6217904594594597 -1.2670922162162161 0.7504021486486487 -1.0989171351351352 1.641431635135135 -0.06047375675675673 -0.003661756756756741 -0.024380635135135127 -0.07762520270270269 (Points: 74)
Centroid 22: -0.06683293563518247 -0.0013789432804423294 -0.001695976580248144 -0.0023910000000033444 -0.015138999999973233 -0.001103000000001423 -0.026521000000012587 -0.004390999999998163 -0.4093679999998306 -0.002096999999995706 -0.008258000000005811 -0.004545999999993162 -0.0032849999999950844 -0.009572000000017157 -0.00850499999998673 -0.02875600000000518 0.0 -0.0006389999999991872 -0.028910999999937893 0.5076232194100224 0.5989122743971396 -0.4660430000007615 -0.4657560000001905 -0.2482859999995147 -0.248129999999824 0.5396686547086172 -0.25599958392016325 -0.20105899999981006 0.3410336883633124 0.6187983811209702 0.5983584815617504 -0.2827116540298138 0.8206785547832299 -0.15666800000000133 -0.46640207352692276 -0.4654539999993252 -0.2505646664993467 -0.24963200000040475 (Points: 107388)
