Starting K-Means clustering on 581012 points...
------------------------------------------------
Convergence reached in 30 iterations.
Execution Time (Core Loop): 3738.36 ms
------------------------------------------------
Centroid 0: -0.0975349 -0.131182 0.324378 -0.214325 -0.0536004 0.333227 0.444511 -0.138966 -0.506178 0.233303 1.10372 -0.232859 -0.874996 -0.260673 -0.072416 -0.114549 -0.091491 -0.147649 -0.0525 -0.106986 -0.013444 -0.017555 -0.044475 -0.243947 -0.147734 -0.233216 -0.175866 -0.032125 -0.002272 -0.070148 -0.076972 -0.057264 -0.08348 -0.127256 -0.038005 -0.24686 -0.332219 -0.194973 -0.028574 -0.066903 -0.043274 -0.040384 -0.497429 4.22885 -0.21498 -0.315238 -0.290284 -0.05273 -0.057143 -0.014313 0.409331 -0.165956 -0.156014 -0.123654 (Points: 30468)
Centroid 1: -1.62755 0.0413982 0.543638 -0.288308 0.09758 -0.769519 -0.296409 -0.344055 -0.0275017 -0.631564 -0.902462 -0.232859 0.264077 1.51317 0.455418 0.720386 -0.091491 0.914051 0.330165 0.672823 -0.013444 -0.017555 -0.044475 1.51361 0.917632 -0.233216 -0.175866 0.202032 0.0142907 -0.0223428 0.472261 -0.057264 -0.08348 -0.127256 -0.038005 -0.24686 -0.332135 -0.194973 -0.028574 -0.066903 -0.043274 -0.040384 -0.497429 -0.234031 -0.21498 -0.315238 -0.290284 -0.05273 -0.057143 -0.014313 -0.022653 -0.165956 -0.156014 -0.123654 (Points: 79712)
Centroid 2: 0.355581 -0.115254 -0.152277 -0.01045 -0.116842 0.603655 0.137595 -0.0392196 -0.10504 0.322547 1.10721 -0.232859 -0.87849 -0.260673 -0.072416 -0.114549 -0.091491 -0.147649 -0.0525 -0.106986 0.0363409 -0.017555 -0.044475 -0.243947 -0.147734 -0.233216 -0.175866 -0.032125 -0.002272 -0.070148 -0.076972 -0.057264 -0.08348 -0.127256 -0.038005 0.293104 -0.332176 -0.104851 -0.028574 -0.066903 -0.043274 -0.040384 1.34338 -0.234031 -0.21498 -0.315238 -0.290284 -0.05273 0.0162627 -0.014313 -0.022653 0.130284 0.125943 0.104088 (Points: 156902)
Centroid 3: 1.02278 0.240438 -0.155686 0.239314 -0.0373988 -0.860656 -0.0265435 0.182049 0.149047 0.117983 -0.902462 4.29444 -0.879364 -0.260673 -0.072416 -0.114549 -0.091491 -0.147649 -0.0525 -0.106986 -0.013444 -0.017555 -0.044475 -0.243947 -0.147734 -0.233216 -0.125846 -0.032125 -0.002272 -0.0140607 -0.076972 -0.0162247 0.157493 -0.112559 -0.038005 0.524415 0.579627 0.183243 0.526972 -0.066903 -0.043274 -0.040384 -0.491219 -0.234031 -0.145606 0.123668 0.0618113 -0.05273 0.238375 -0.014313 -0.022653 0.263547 0.0485323 0.451133 (Points: 29884)
Centroid 4: 0.359204 0.145531 0.194802 0.336771 0.323397 -0.187042 -0.202819 0.0179449 0.152426 -0.279601 -0.899589 -0.232859 1.1343 -0.260673 -0.072416 -0.114549 -0.091491 -0.141369 -0.0525 -0.106986 -0.013444 -0.017555 -0.044475 -0.23505 -0.142773 -0.233216 0.371211 -0.032125 -0.002272 -0.0699923 -0.0718593 -0.057264 -0.0758772 -0.127169 -0.0372891 -0.0531098 -0.271418 0.282185 -0.028574 0.144304 0.0933398 0.087105 -0.497429 -0.234031 0.452432 0.608681 0.568953 0.113735 0.0126877 0.0308717 -0.022653 0.0356628 0.0629222 -0.0207757 (Points: 184043)
Centroid 5: -1.99434 -0.0298425 1.3717 -0.450445 0.0968704 -0.928929 0.433353 0.0295333 -0.661865 -0.834407 -0.902462 -0.232859 0.110723 1.82473 -0.072416 -0.114549 10.9301 -0.147649 -0.0525 -0.106986 -0.013444 -0.017555 -0.044475 -0.243947 -0.147734 -0.233216 -0.175866 -0.032125 -0.002272 -0.070148 -0.076972 -0.057264 -0.08348 -0.127256 -0.038005 -0.24686 -0.332219 -0.194973 -0.028574 -0.066903 -0.043274 -0.040384 -0.497429 -0.234031 -0.21498 -0.315238 -0.290284 -0.05273 -0.057143 -0.014313 -0.022653 -0.165956 -0.156014 -0.123654 (Points: 4823)
Centroid 6: -0.10653 -0.158066 -0.705401 -0.376215 -0.49045 0.221648 0.257676 0.303924 0.0502253 0.468415 0.645833 -0.232859 -0.415736 -0.260673 -0.072416 -0.114549 -0.091491 -0.147649 -0.0525 -0.106986 -0.013444 0.0896069 0.227017 -0.243947 -0.147734 1.19042 -0.175866 -0.032125 -0.002272 0.300112 -0.076972 0.27941 0.335751 0.644776 0.192608 -0.24686 1.29176 -0.194749 -0.028574 -0.066903 -0.043274 -0.040384 -0.497429 -0.234031 -0.21498 -0.315238 -0.290284 -0.05273 -0.057143 -0.014313 -0.022653 -0.165956 -0.156014 -0.123654 (Points: 95180)
