Starting K-Means clustering on 494021 points...
------------------------------------------------
Convergence reached in 29 iterations.
Execution Time (Core Loop): 417.7721 ms
------------------------------------------------
Centroid 0: -0.05951852688172024 -0.0029389952956989348 -0.011908815860215092 2.20892408333335 0.4208975430107586 -0.0025710000000000134 -0.038121052419354984 0.2500354529569905 -0.20159011290322734 -0.004184178763440863 0.11684013037634002 -0.004676000000000007 -0.0026349133064516718 -0.0042617405913978985 -0.009919000000000032 -0.009210602822580495 0.0 0.0 -0.037262999999999706 -1.5536936014785019 -1.12710887701613 -0.4220251491935471 -0.4189307016129048 0.09635494354838833 0.0871780853494614 0.528244309811826 -0.2113423514784955 4.057832253360196 -3.4686833810484 -0.577283997983869 0.3128644052419343 0.33757598790321103 0.5421644206989279 14.505215498655947 -0.4252000188172014 -0.43373874865591333 0.08542527688171923 0.09622302688172191 (Points: 1488)
Centroid 1: -0.06489241501712799 0.0014911087860540676 0.0853932271532607 -0.006673000000000192 -0.04771999999998928 -0.0025709999999998165 0.08959889683621987 -0.009781999999998826 2.3969800000006067 0.023550078645331467 -0.010552000000002733 -0.000406841312087187 0.005616153597924636 0.007400498885524318 -0.009919000000000035 -0.02763199999999693 0.0 0.0 -0.037263000000008074 -1.5081278827971623 -1.1343302079909365 -0.46012021670724745 -0.45894826574400854 -0.23747362037988182 -0.2280351374629571 0.5352532843739958 -0.24928997501581227 0.20653711457469676 0.11200310639075556 0.4812718456701684 0.47186733364377353 -0.24260161835056188 -1.2266377988288966 -0.07640058860906893 -0.4600151059583539 -0.46072779147668086 -0.23371866585709486 -0.23308157437041396 (Points: 30059)
Centroid 2: 21.518014885838156 -0.002769820809248552 0.021346369942196495 -0.0066730000000000235 -0.04771999999999997 -0.00257100000000001 0.009447197976878473 -0.009781999999999982 -0.2626565433526027 0.015213932080924877 0.12641294942196526 -0.0046759999999999744 0.004411696531791914 3.1062870534682063 -0.009919000000000028 0.17042463728323726 0.0 0.0 -0.03726300000000001 -1.5509561401734138 -1.1838435274566461 -0.46408999999999917 -0.4635199999999995 0.3478600838150303 0.3489579017341065 0.29981788005780274 0.8386964075144474 -0.19500696820809243 0.11095561271676235 -1.7496841170520259 -1.7714253988439337 5.925798903179197 0.6074514104046256 -0.12090081502890108 -0.4421679335260099 -0.44396803468208224 0.22512411560693568 0.307183576589594 (Points: 692)
Centroid 3: -0.06779199999999413 -0.0030620000000004303 -0.026286999999993833 -0.006673000000000196 -0.047719999999987266 -0.0025709999999996456 -0.04413599999999843 -0.00978199999999864 -0.41719200000002843 -0.005678999999998816 -0.010552000000003276 -0.0046760000000009225 -0.005639999999999452 -0.011232000000001055 -0.009919000000000039 -0.027631999999996534 0.0 0.0 -0.03726300000001031 -0.4067354313604217 -1.1424446006968059 2.1621948587631774 2.1607050786275437 -0.2479573298904889 -0.24856262090003864 -1.920609654771517 0.46633239588097397 -0.20279475240682912 0.346146010864394 -1.6708886176427837 -1.725567760302672 0.32104374803637403 -1.2505785955634008 -0.15862900000002814 2.1628490401798204 2.1620270000003647 -0.25202033085939873 -0.2494640000000157 (Points: 48507)
Centroid 4: 0.5835855591836769 -0.002009704761904762 0.032587734693877594 -0.00667300000000001 -0.04772000000000007 -0.002571000000000006 21.13375377551016 -0.009781999999999978 2.3969799999999926 0.04349754149659854 0.8921122380952353 -0.004675999999999978 0.06330936598639464 0.6661065170068041 6.533533825850351 0.15883765170068023 0.0 0.0 25.00836683673473 -1.5520877142857146 -1.1832297469387745 -0.46023046802721096 -0.4599491700680274 -0.23914906938775532 -0.24277029251700682 0.497767741496599 0.048459459863945314 -0.12413903537414898 -0.9576616775510207 -1.332431970068027 -1.1379963387755099 0.2467369632653061 -1.1561787891156472 -0.1137434408163259 -0.43617698639455776 -0.46134470340136075 -0.20182831292517056 -0.23379770068027234 (Points: 735)
Centroid 5: 3.260177295717467 -0.0007342220418103223 -0.021279133752789847 -0.006673000000000144 -0.026641529531155818 0.03426275096407576 -0.040762369393138945 0.0032958826872332703 -0.3046708138826841 -0.005114687436574153 -0.010551999999999935 -0.004675999999999899 0.0040406852039780745 0.01402900101481666 -0.009919000000000035 -0.027631999999999515 0.0 0.0 -0.03726299999999887 -1.5512155952912976 -1.183734656992125 -0.40758582098639595 -0.4075876273594364 0.07801045504363714 0.07660436431905869 0.4192367763344928 0.22055349523035975 -0.18095598944590735 0.19831189182057293 -1.749036645017231 -1.8026309376902614 6.780936138014934 0.648487210472904 -0.13613257438604115 -0.4020933135782368 -0.40706355388675924 0.15208347736959463 0.08000057763344864 (Points: 4927)
Centroid 6: -0.06779199999999323 -0.0025259248768471757 -0.02628670874383402 -0.006673000000000197 -0.04771999999998263 -0.0025709999999999214 -0.04413599999999006 -0.009781999999998282 -0.4171920000001032 -0.005678999999998273 -0.01055200000000448 -0.004676000000001147 -0.005639999999999399 -0.01123200000000137 -0.009919000000000037 -0.027631999999992884 0.0 0.0 -0.03726300000001525 0.5812108547917528 0.6629131886475388 -0.46409000000021317 -0.46351999999996724 -0.24795999999996757 -0.24863099999997323 0.5369783477943438 -0.2552293808777506 -0.2036329999999461 0.34464349484995976 0.6231713708017327 0.5990157971337922 -0.2827337894648759 0.8267002484328042 -0.15862900000004196 -0.4644150583297659 -0.46320199999981365 -0.25176567784362613 -0.24946400000001667 (Points: 17864)
Centroid 7: -0.06479949959730988 -0.003049383739215018 -0.026105092233936845 -0.006673000000000191 -0.047719999999984435 -0.0025710000000002116 -0.040899643489919354 0.1137745254074726 -0.4148176266923541 -0.005529718504312874 -0.010552000000004065 -0.004676000000000993 -0.005639999999999507 -0.011232000000001192 -0.009919000000000037 -0.02763199999999823 0.0 0.0 -0.03726300000001406 -0.8795617065004829 -1.154646404256957 -0.46393889975080277 -0.4632049521381601 4.067995238618027 4.049223959040546 -1.361656339789112 0.38086887106436523 0.08449710331738881 -0.3785910541898568 -1.3121548805752148 -1.272348501975081 0.2961474520038266 -1.108617585196786 0.5249233738062986 -0.4635221861937143 -0.4624579776413556 4.042689269032458 4.027915250124811 (Points: 26075)
Centroid 8: 20.69814 -0.001626 9.675508 -0.006673 -0.04772 -0.002571 -0.044136 -0.009782 2.39698 491.563018 94.769193 256.648605 493.357486 -0.011232 -0.009919 219.260677 0.0 0.0 -0.037263 -1.554258 -1.185058 -0.46409 -0.46352 -0.24796 -0.248631 0.536987 -0.255243 -0.203633 -2.941846 -1.675454 -1.202052 0.63239 -1.209067 -0.158629 -0.411868 -0.226932 -0.25204 -0.249464 (Points: 1)
Centroid 9: -0.06779200000005738 -0.0020864695522138303 -0.026286999079258865 -0.006672999999994624 -0.04772000000002799 -0.0025709999999995493 -0.04413599999999346 -0.009782000000002037 -0.417192000000217 -0.0056790000000001275 -0.01055200000000003 -0.00467599999999639 -0.005640000000005304 -0.011231999999989745 -0.009918999999995686 -0.027631999999991032 0.0 0.0 -0.037262999999981436 0.8370254580767961 0.8841519163171554 -0.4640899999998598 -0.46352000000042953 -0.2479599999999377 -0.24863099999994162 0.536986999999674 -0.2552429999998334 -0.2036330000001423 0.3478998899087542 0.624955924326831 0.5987984873436968 -0.28258423269319727 0.8265380430927556 -0.15862899999995922 -0.46438900866329824 -0.46320200000016787 -0.2519715238200001 -0.2494639999997774 (Points: 262827)
Centroid 10: -0.06777502831496597 -0.0030608148274147936 -0.02621023675188586 -0.006673000000000195 -0.04771999999999026 -0.0025709999999995645 -0.04406908005129436 -0.008095800853111491 -0.4166028451050486 -0.0055480325543654984 -0.010552000000002438 -0.004676000000000785 -0.005639999999999477 -0.011232000000000871 -0.009919000000000037 -0.02763199999999914 0.0 0.0 -0.037263000000006596 -1.0011946320362226 -1.1459676276398194 2.1615558207157464 2.1603518024490924 -0.24705050113831997 -0.2480549674194327 -1.77775645453118 0.5864519977232737 -0.2027490410331249 0.3396407819851714 -1.677166257844165 -1.7307014737393247 0.30721305733652 -1.2494998724777298 -0.15692094910110876 2.1614932360453767 2.1604943053152454 -0.2516223639860236 -0.24893411391412823 (Points: 38213)
Centroid 11: -0.06724524521615888 -0.0026903628632175785 -0.0009854897236003337 -0.006673000000000001 15.25115918497516 -0.002571000000000004 -0.03688663926293419 -0.009781999999999973 0.46236140326009767 -0.005679000000000021 0.25813615024804926 0.08627130049610231 -0.005639999999999996 0.03287181006378481 0.0543929135364989 8.986345372785266 0.0 0.0 -0.03726300000000002 -1.3591992282069454 -1.043531922041106 -0.33465741885187916 -0.4616971311126873 -0.24318675974486167 -0.21544614953933397 0.4033092324592482 -0.1395452317505321 0.1504336569808647 -0.09918660099220485 -0.8014164790928419 -0.761481199149539 1.0844395471296915 -0.8761987994330263 -0.11708111410347212 -0.4258715357902209 -0.4621973104181428 0.4062741055988663 -0.24813981218993583 (Points: 1411)
Centroid 12: 0.17411540653634797 0.00013374404398287676 -0.015730929444104882 -0.006673000000000104 -0.04772000000000001 -0.0025710000000000234 -0.04179280024434944 0.06894094257788631 -0.038129736102628826 -0.0053393091020158216 -0.010551999999999942 -0.004676000000000013 0.01879231551618812 0.014111301160660181 -0.009919000000000035 -0.027631999999999716 0.0 0.0 -0.03726299999999933 -0.564810142944406 -1.1842259471594303 -0.2814374841172869 -0.2775401832620664 1.6456632861942573 1.6328279492974964 -1.411725931582176 10.764799479230328 0.11978429688454503 -0.011535713805742354 -1.5699715919364727 -1.5904247131948854 5.748767907758052 -0.6302711902871139 -0.025457983200977526 -0.2780866075137421 -0.2774634471594374 1.5726391377519902 1.648545756261431 (Points: 3274)
Centroid 13: -0.064966 701.639967 -0.026287 -0.006673 -0.04772 -0.002571 1.23447 -0.009782 -0.417192 -0.005679 -0.010552 -0.004676 -0.00564 -0.011232 -0.009919 -0.027632 0.0 0.0 -0.037263 -1.291529 -1.176939 1.610945 1.294935 0.658684 1.172883 -1.910273 4.48897 -0.203633 0.347967 -1.750897 -1.81065 0.540864 -0.793534 -0.158629 0.008529 1.295701 -0.035204 1.184445 (Points: 1)
Centroid 14: 21.305703 -0.001818 5.577138 -0.006673 -0.04772 -0.002571 -0.044136 -0.009782 2.39698 426.502455 94.769193 256.648605 425.787108 -0.011232 -0.009919 164.4386 0.0 0.0 -0.037263 -1.554258 -1.185058 -0.46409 -0.46352 -0.24796 -0.248631 0.536987 -0.255243 -0.203633 -2.663834 -1.694315 -1.469835 0.357813 -1.209067 -0.158629 -0.464418 -0.463202 -0.25204 -0.249464 (Points: 1)
Centroid 15: 3.321844 -0.000797 13.906838 -0.006673 -0.04772 544.437104 -0.044136 128.859675 2.39698 11.671858 -0.010552 -0.004676 5.956452 10.360514 -0.009919 -0.027632 0.0 0.0 -0.037263 -1.554258 -1.185058 -0.46409 -0.46352 -0.24796 -0.248631 0.536987 -0.255243 -0.203633 -3.034517 -1.769758 -1.761962 0.723915 -1.188291 -0.158629 -0.464418 -0.463202 -0.25204 -0.249464 (Points: 1)
Centroid 16: -0.06351403759584577 -0.0021448127627999003 1.2612044820677717 -0.006673000000000136 0.06970751026465447 0.04231643284689594 0.010575560227554293 -0.009782000000000075 2.2605521711600143 0.006286969082364537 0.8099503682908693 -0.004675999999999927 -0.0014617674993817602 0.014421588919119552 -0.009919000000000037 -0.02763200000000011 0.0 0.0 -0.037262999999998984 -1.543961398961184 -1.1626117875340092 -0.45062878159781844 -0.44626529804600124 -0.23827451570615457 -0.22059897773929973 0.5347887759089862 -0.2441103759584522 2.760920265397018 -2.906803670541688 0.4085287049220792 0.5395147158050962 -0.25108315978233825 -0.9473263541924433 0.7235904227059117 -0.4546632196388877 -0.45764379248083653 -0.20876934553549542 -0.19508207148157564 (Points: 4043)
Centroid 17: 0.121542 -0.00296 1.16757 -0.006673 -0.04772 362.957212 -0.044136 -0.009782 2.39698 0.550395 -0.010552 -0.004676 0.491201 -0.011232 -0.009919 27.383407 0.0 0.0 -0.037263 -1.554258 -1.185058 -0.46409 -0.46352 -0.24796 -0.248631 0.536987 -0.255243 -0.203633 -3.559652 -1.769758 -0.617799 8.869697 -0.211787 -0.158629 -0.464418 -0.463202 -0.25204 -0.249464 (Points: 1)
Centroid 18: -0.05986356878287749 -0.001601565756287305 -0.022987134395042196 -0.006673000000000176 -0.0012131114794275972 -0.0025710000000000346 -0.043951722994883834 0.022720925560280533 -0.4171919999999807 -0.005679000000000285 -0.010551999999999933 -0.0046760000000000464 -0.005639999999999749 -0.011231999999999773 -0.009919000000000037 -0.02763199999999967 0.0 0.0 -0.03726299999999856 -1.4926352652590942 -1.1092143995820771 -0.4627858667579379 -0.46224148000286525 -0.23959720343013308 -0.24023429177776193 0.49418874828855375 -0.10372182474598768 0.029337080132589993 0.052602870865453816 0.10728046083447303 0.16158139785256423 -0.1511546963320623 -1.0785548192692647 -0.1049925974634278 -0.45974317374071644 -0.4627990514520616 -0.2415833693881919 -0.24849645607841261 (Points: 13877)
Centroid 19: -0.055590981372363436 0.00691539489351265 0.08638519953354114 -0.0066730000000001935 -0.046809410667147194 -0.002570999999999873 -0.0028969738538020453 -0.007804625421959091 2.2932599799919844 0.0028363395016276637 -0.010552000000002696 0.0032001824709989198 0.01623954443626143 0.03046378119437732 -0.009919000000000037 -0.027631999999996597 0.0 0.0 -0.03726300000000804 -1.524204185662524 -1.1480205411219333 -0.45856365267303406 -0.4577547685815708 -0.24076573353584482 -0.24096913309394202 0.5353070964217258 -0.24959856742159267 0.049349674154540384 -2.844965335880426 0.19494577913824498 0.41487666786344435 -0.15319297805804177 -0.9647936864297261 0.6972052763456954 -0.45877130850679326 -0.45961858429991914 -0.2104867647455449 -0.19056684876942057 (Points: 32586)
Centroid 20: 17.2572855 -0.0020942499999999998 4.65416525 -0.006673 -0.04772 -0.002571 -0.044136 -0.009782 2.39698 124.55471525000002 71.07425675 224.56694499999995 120.60251625 2.5817045 -0.009919 54.79444525 0.0 0.0 -0.037263 -1.554258 -1.185058 -0.46409 -0.46352 -0.24796 -0.248631 0.536987 -0.255243 -0.203633 -1.14634975 -1.3595362500000001 -1.1959662500000001 -0.008289500000000002 -1.23503825 1.0280940000000003 0.19245225 0.44250200000000006 -0.25204 -0.249464 (Points: 4)
Centroid 21: -0.059728146912418255 0.0016734221713978264 0.01956723974169225 -0.006673000000000157 -0.042730012108167195 -0.002571000000000031 0.020714593569219092 -0.009782000000000126 1.8321011322480745 0.007338203820799153 -0.010551999999999935 0.012588447867617456 0.009934324364321363 0.06551305986815484 -0.009919000000000037 -0.027631999999999796 0.0 0.0 -0.03726299999999879 -1.5533086541100796 -1.176838050181622 -0.4586162428359957 -0.4566946637965771 -0.18407381878111012 -0.1261423044531121 0.530949729449761 -0.22892690219292938 6.408007443158832 -1.6312065198439456 -0.2744245961253886 -0.05660199556033969 0.15167381353424006 -1.055130418000818 0.28764115834791776 -0.44740809928696373 -0.4576181684380533 -0.18526514960312376 -0.21033809121485575 (Points: 7433)
Centroid 22: 6.638006 -0.001246 116.551611 -0.006673 -0.04772 -0.002571 -0.044136 193.294403 2.39698 10.003639 94.769193 256.648605 4.465929 -0.011232 -0.009919 -0.027632 0.0 0.0 -0.037263 -1.554258 -1.185058 -0.46409 -0.46352 -0.24796 -0.248631 0.536987 -0.255243 -0.203633 0.347967 -1.760327 -1.81065 -0.099815 -1.250621 -0.158629 -0.464418 -0.463202 3.087231 -0.249464 (Points: 1)
