Starting K-Means clustering on 581012 points...
------------------------------------------------
Convergence reached in 100 iterations.
Execution Time (Core Loop): 81518 ms
------------------------------------------------
Centroid 0: -0.605637 -0.446191 0.200025 -0.462908 -0.382226 -0.73464 0.871477 -0.0320119 -0.774513 -0.369355 1.10808 -0.232859 -0.879364 -0.260673 -0.072416 -0.114549 -0.091491 -0.147649 -0.0525 -0.106986 -0.013444 -0.017555 -0.044475 -0.243947 -0.147734 -0.233216 -0.175866 -0.032125 -0.002272 -0.070148 -0.076972 -0.057264 -0.08348 -0.127256 -0.038005 -0.24686 -0.332219 -0.194973 -0.028574 -0.066903 -0.043274 -0.040384 -0.497429 4.27293 -0.21498 -0.315238 -0.290284 -0.05273 -0.057143 -0.014313 -0.022653 -0.165956 -0.156014 -0.123654 (Points: 7268)
Centroid 1: -0.120593 1.41415 0.346062 -0.30525 0.0195562 -0.426508 -1.19412 -0.106246 0.908954 0.108194 1.10808 -0.232859 -0.879364 -0.260673 -0.072416 -0.114549 -0.091491 -0.147649 -0.0525 -0.106986 -0.013444 -0.017555 -0.044475 -0.243947 -0.147734 -0.233216 -0.175866 -0.032125 -0.002272 -0.070148 -0.076972 -0.057264 -0.08348 -0.127256 -0.038005 -0.24686 -0.332219 -0.194973 -0.028574 -0.066903 -0.043274 -0.040384 -0.497429 4.27293 -0.21498 -0.315238 -0.290284 -0.05273 -0.057143 -0.014313 -0.022653 -0.165956 -0.156014 -0.123654 (Points: 3201)
Centroid 2: -0.908567 -0.435536 -0.344499 0.0094702 -0.14127 -0.672107 0.32742 -0.0811818 -0.241244 -0.289702 -0.902462 -0.232859 1.04034 -0.0639163 -0.072416 -0.114549 -0.091491 -0.147649 -0.0525 -0.106986 -0.013444 -0.017555 -0.044475 -0.243947 6.7689 -0.233216 -0.175866 -0.032125 -0.002272 -0.070148 -0.076972 -0.057264 -0.08348 -0.127256 -0.038005 -0.24686 -0.332219 -0.194973 -0.028574 -0.066903 -0.043274 -0.040384 -0.497429 -0.234031 -0.21498 -0.315238 -0.290284 -0.05273 -0.057143 -0.014313 -0.022653 -0.165956 -0.156014 -0.123654 (Points: 12410)
Centroid 3: -2.86432 0.17025 1.37735 -0.178478 0.50994 -1.17348 -0.885987 -1.1818 -0.131431 -0.987534 -0.902462 -0.232859 -0.879364 3.83623 -0.072416 -0.114549 -0.091491 -0.147649 19.0477 -0.106986 -0.013444 -0.017555 -0.044475 -0.243947 -0.147734 -0.233216 -0.175866 -0.032125 -0.002272 -0.070148 -0.076972 -0.057264 -0.08348 -0.127256 -0.038005 -0.24686 -0.332219 -0.194973 -0.028574 -0.066903 -0.043274 -0.040384 -0.497429 -0.234031 -0.21498 -0.315238 -0.290284 -0.05273 -0.057143 -0.014313 -0.022653 -0.165956 -0.156014 -0.123654 (Points: 1597)
Centroid 4: 0.369368 0.29528 -0.509149 -0.465776 -0.517765 -0.272783 -0.0813615 0.505828 0.410475 -0.398419 -0.902462 -0.232859 1.13718 -0.260673 -0.072416 -0.114549 -0.091491 -0.147649 -0.0525 -0.106986 -0.013444 -0.017555 -0.044475 -0.243947 -0.147734 -0.233216 -0.175866 -0.032125 -0.002272 -0.070148 -0.076972 -0.057264 -0.08348 -0.127256 -0.038005 -0.24686 3.01006 -0.194973 -0.028574 -0.066903 -0.043274 -0.040384 -0.497429 -0.234031 -0.21498 -0.315238 -0.290284 -0.05273 -0.057143 -0.014313 -0.022653 -0.165956 -0.156014 -0.123654 (Points: 21039)
Centroid 5: -0.20595 -0.232319 0.172784 -0.588751 -0.322845 1.18091 0.830543 0.235656 -0.621665 2.33753 1.10808 -0.232859 -0.879364 -0.260673 -0.072416 -0.114549 -0.091491 -0.147649 -0.0525 -0.106986 -0.013444 -0.017555 -0.044475 -0.243947 -0.147734 -0.233216 -0.175866 -0.032125 -0.002272 -0.070148 -0.076972 -0.057264 -0.08348 -0.127256 -0.038005 -0.24686 -0.332219 -0.194973 -0.028574 -0.066903 -0.043274 -0.040384 -0.497429 4.27293 -0.21498 -0.315238 -0.290284 -0.05273 -0.057143 -0.014313 -0.022653 -0.165956 -0.156014 -0.123654 (Points: 3836)
Centroid 6: 1.71431 -0.0755305 0.211911 1.13992 1.38903 0.149258 0.0148941 -0.347217 -0.221767 0.0757986 0.115475 0.813904 -0.350042 -0.260673 -0.072416 -0.114549 -0.091491 -0.147649 -0.0525 -0.106986 -0.013444 -0.017555 -0.044475 -0.243947 -0.147734 -0.233216 -0.175866 -0.032125 -0.002272 -0.070148 -0.076972 -0.057264 -0.08348 -0.127256 -0.038005 -0.24686 -0.332219 -0.194973 -0.028574 -0.066903 -0.043274 -0.040384 -0.497429 -0.234031 -0.21498 -0.315238 -0.290284 -0.05273 -0.057143 -0.014313 1.432 -0.165956 -0.156014 7.81669 (Points: 9048)
Centroid 7: 0.906749 0.201019 -0.430925 0.14205 -0.273036 -0.895795 0.0936011 0.325131 0.165079 0.0925729 -0.902462 4.29444 -0.879364 -0.260673 -0.072416 -0.114549 -0.091491 -0.147649 -0.0525 -0.106986 -0.013444 -0.017555 -0.044475 -0.243947 -0.147734 -0.233216 -0.175866 -0.032125 -0.002272 -0.070148 -0.076972 0.0444545 -0.08348 -0.127256 -0.038005 -0.24686 1.92785 -0.194973 -0.028574 -0.066903 -0.043274 -0.040384 -0.482246 -0.234031 -0.21498 0.772618 -0.290284 -0.05273 -0.057143 -0.014313 -0.022653 -0.165956 -0.156014 -0.123654 (Points: 12057)
Centroid 8: -0.0241824 1.31043 0.977124 0.169328 0.781517 -0.30746 -1.78054 -0.0711237 1.30155 -0.430192 -0.902462 -0.232859 1.13718 -0.260673 -0.072416 -0.114549 -0.091491 -0.147649 -0.0525 -0.106986 -0.013444 -0.017555 -0.044475 -0.243947 -0.147734 -0.233216 -0.175866 -0.032125 -0.002272 -0.070148 -0.076972 -0.057264 -0.08348 -0.127256 -0.038005 -0.244044 -0.330303 -0.194973 -0.028574 -0.066903 -0.043274 -0.040384 -0.497429 -0.234031 -0.21498 -0.309811 3.4345 -0.05273 -0.057143 -0.014313 -0.022653 -0.165956 -0.156014 -0.123654 (Points: 12210)
Centroid 9: -2.59141 -0.740098 0.976235 -0.22776 0.548908 -0.982155 0.724917 -1.19263 -1.38126 -0.965675 -0.902462 -0.232859 -0.879364 3.83623 -0.072416 8.72989 -0.091491 -0.147649 -0.0525 -0.106986 -0.013444 -0.017555 -0.044475 -0.243947 -0.147734 -0.233216 -0.175866 -0.032125 -0.002272 -0.070148 -0.076972 -0.057264 -0.08348 -0.127256 -0.038005 -0.24686 -0.332219 -0.194973 -0.028574 -0.066903 -0.043274 -0.040384 -0.497429 -0.234031 -0.21498 -0.315238 -0.290284 -0.05273 -0.057143 -0.014313 -0.022653 -0.165956 -0.156014 -0.123654 (Points: 558)
Centroid 10: -2.27469 1.06827 0.178332 -0.0113676 0.760931 -0.899327 -0.93232 0.641179 1.09579 -0.974911 -0.902462 -0.232859 -0.879364 3.83623 -0.072416 8.72988 -0.091491 -0.147649 -0.0525 -0.106986 -0.013444 -0.017555 -0.044475 -0.243947 -0.147734 -0.233216 -0.175866 -0.032125 -0.002272 -0.070148 -0.076972 -0.057264 -0.08348 -0.127256 -0.038005 -0.24686 -0.332219 -0.194973 -0.028574 -0.066903 -0.043274 -0.040384 -0.497429 -0.234031 -0.21498 -0.315238 -0.290284 -0.05273 -0.057143 -0.014313 -0.022653 -0.165956 -0.156014 -0.123654 (Points: 665)
Centroid 11: -0.961497 0.530513 1.18629 -0.320574 0.304718 -0.421646 -0.73807 1.29779 1.02873 -0.495266 -0.902462 -0.232859 1.13718 -0.260673 -0.072416 -0.114549 -0.091491 6.77281 -0.0525 -0.106986 -0.013444 -0.017555 -0.044475 -0.243947 -0.147734 -0.233216 -0.175866 -0.032125 -0.002272 -0.070148 -0.076972 -0.057264 -0.08348 -0.127256 -0.038005 -0.24686 -0.332219 -0.194973 -0.028574 -0.066903 -0.043274 -0.040384 -0.497429 -0.234031 -0.21498 -0.315238 -0.290284 -0.05273 -0.057143 -0.014313 -0.022653 -0.165956 -0.156014 -0.123654 (Points: 5443)
Centroid 12: 1.24088 0.0531637 0.599959 0.204608 0.281122 0.216406 -0.189855 -0.461246 -0.186139 -0.0211558 0.0816929 0.0724371 0.0141048 -0.260673 -0.072416 -0.114549 -0.091491 -0.147649 -0.0525 -0.106986 -0.013444 -0.017555 -0.044475 -0.243947 -0.147734 -0.233216 -0.175866 -0.032125 -0.002272 -0.070148 -0.076972 -0.057264 -0.08348 -0.127256 -0.038005 -0.24686 -0.332219 -0.194973 -0.028574 -0.066903 -0.043274 -0.040384 -0.497429 -0.234031 -0.21498 -0.315238 -0.290284 -0.05273 -0.057143 -0.014313 -0.022653 -0.165956 6.40968 -0.123654 (Points: 13806)
Centroid 13: 1.30865 0.10669 -0.435101 0.259292 -0.0519952 0.480716 0.0910356 0.258813 0.133689 -0.118949 0.0667243 0.369793 -0.10333 -0.260673 -0.072416 -0.114549 -0.091491 -0.147649 -0.0525 -0.106986 -0.013444 -0.017555 -0.044475 -0.243947 -0.147734 -0.233216 -0.175866 -0.032125 -0.002272 -0.070148 -0.076972 -0.057264 -0.08348 -0.127256 -0.038005 -0.24686 -0.332219 -0.194973 -0.028574 -0.066903 -0.043274 -0.040384 -0.497429 -0.234031 -0.21498 -0.315238 -0.290284 -0.05273 -0.057143 -0.014313 -0.022653 6.02569 -0.156014 -0.123654 (Points: 15573)
Centroid 14: -0.785988 0.0781227 -0.566159 -0.864969 -0.723134 0.368667 -0.0602055 0.245678 0.26659 1.13424 0.655082 -0.0635735 -0.669911 0.0836812 -0.072416 -0.114549 -0.091491 -0.147649 -0.0525 -0.106986 2.48299 3.24217 -0.044475 -0.243947 -0.147734 -0.233216 -0.175866 -0.032125 -0.002272 12.9553 -0.076972 -0.057264 -0.08348 -0.127256 -0.038005 -0.24686 -0.332219 -0.194973 -0.028574 -0.066903 -0.043274 -0.040384 -0.497429 -0.234031 -0.21498 -0.315238 -0.290284 -0.05273 -0.057143 -0.014313 -0.022653 -0.165956 -0.156014 -0.123654 (Points: 3129)
Centroid 15: 0.182454 -0.445225 -0.0875465 -0.25803 -0.215484 1.06239 0.734483 0.118503 -0.533781 0.0654143 1.10808 -0.232859 -0.879364 -0.260673 -0.072416 -0.114549 -0.091491 -0.147649 -0.0525 -0.106986 -0.013444 -0.017555 -0.044475 -0.243947 -0.147734 -0.233216 -0.175866 -0.032125 -0.002272 -0.070148 -0.076972 -0.057264 -0.08348 -0.127256 -0.038005 -0.24686 -0.332219 -0.194973 -0.028574 -0.066903 -0.043274 -0.040384 -0.497429 4.27293 -0.21498 -0.315238 -0.290284 -0.05273 -0.057143 -0.014313 -0.022653 -0.165956 -0.156014 -0.123654 (Points: 8310)
Centroid 16: 0.503779 0.225527 0.278655 1.32788 1.29005 0.126072 0.115432 0.692841 0.199993 -0.44399 -0.902462 -0.232859 1.13719 -0.260673 -0.072416 -0.114549 -0.091491 -0.147649 -0.0525 -0.106986 -0.013444 -0.017555 -0.044475 -0.243947 -0.147734 -0.233216 -0.175866 -0.032125 -0.002272 -0.070148 -0.076972 -0.057264 -0.08348 -0.127256 -0.038005 -0.24686 -0.332219 -0.194973 -0.028574 -0.066903 8.88528 -0.040384 -0.497429 -0.234031 -0.21498 -0.315238 -0.290284 10.8268 -0.057143 2.93878 -0.022653 -0.165956 -0.156014 -0.123654 (Points: 2816)
Centroid 17: -1.27499 -0.229012 0.633022 -0.24241 0.125479 -0.652299 0.974087 0.101361 -0.89675 -0.473558 -0.902462 -0.232859 1.13718 -0.260673 -0.072416 -0.114549 -0.091491 6.77281 -0.0525 -0.106986 -0.013444 -0.017555 -0.044475 -0.243947 -0.147734 -0.233216 -0.175866 -0.032125 -0.002272 -0.070148 -0.076972 -0.057264 -0.08348 -0.127256 -0.038005 -0.24686 -0.332219 -0.194973 -0.028574 -0.066903 -0.043274 -0.040384 -0.497429 -0.234031 -0.21498 -0.315238 -0.290284 -0.05273 -0.057143 -0.014313 -0.022653 -0.165956 -0.156014 -0.123654 (Points: 5715)
Centroid 18: -2.2543 -0.551786 -0.355463 -0.200919 0.0721222 -1.03932 0.69432 0.107732 -0.457792 -0.963344 -0.902462 -0.232859 -0.879364 3.83623 -0.072416 8.72988 -0.091491 -0.147649 -0.0525 -0.106986 -0.013444 -0.017555 -0.044475 -0.243947 -0.147734 -0.233216 -0.175866 -0.032125 -0.002272 -0.070148 -0.076972 -0.057264 -0.08348 -0.127256 -0.038005 -0.24686 -0.332219 -0.194973 -0.028574 -0.066903 -0.043274 -0.040384 -0.497429 -0.234031 -0.21498 -0.315238 -0.290284 -0.05273 -0.057143 -0.014313 -0.022653 -0.165956 -0.156014 -0.123654 (Points: 921)
Centroid 19: 0.228916 -0.682316 -0.598619 -0.178806 -0.381437 0.450123 0.536982 0.143729 -0.275482 -0.0973576 1.10808 -0.232859 -0.879364 -0.260673 -0.072416 -0.114549 -0.091491 -0.147649 -0.0525 -0.106986 -0.013444 -0.017555 -0.044475 -0.243947 -0.147734 -0.233216 -0.175866 -0.032125 -0.002272 -0.070148 -0.076972 -0.057264 -0.08348 -0.127256 -0.038005 -0.24686 -0.332219 -0.194973 -0.028574 -0.066903 -0.043274 -0.040384 2.01034 -0.234031 -0.21498 -0.315238 -0.290284 -0.05273 -0.057143 -0.014313 -0.022653 -0.165956 -0.156014 -0.123654 (Points: 38678)
Centroid 20: 0.714726 0.506996 0.0512916 0.0983002 -0.078904 -1.05243 -0.371035 0.228116 0.439088 0.44822 -0.902462 4.29444 -0.879364 -0.260673 -0.072416 -0.114549 -0.091491 -0.147649 -0.0525 -0.106986 -0.013444 -0.017555 -0.044475 -0.243947 -0.147734 -0.233216 -0.175866 -0.032125 -0.002272 -0.070148 -0.076972 -0.057264 -0.08348 -0.127256 -0.038005 4.05088 -0.332219 -0.194973 -0.028574 -0.066903 -0.043274 -0.040384 -0.497429 -0.234031 -0.21498 -0.315238 -0.290284 -0.05273 -0.057143 -0.014313 -0.022653 -0.165956 -0.156014 -0.123654 (Points: 5363)
Centroid 21: -1.35552 -0.0297992 -0.288926 -0.08183 -0.0539898 -0.683759 0.363795 0.554001 0.0217544 -0.6121 -0.902462 -0.232859 1.13718 -0.260673 -0.072416 8.72989 -0.091491 -0.147649 -0.0525 -0.106986 -0.013444 -0.017555 -0.044475 -0.243947 -0.147734 -0.233216 -0.175866 -0.032125 -0.002272 -0.070148 -0.076972 -0.057264 -0.08348 -0.127256 -0.038005 -0.24686 -0.332219 -0.194973 -0.028574 -0.066903 -0.043274 -0.040384 -0.497429 -0.234031 -0.21498 -0.315238 -0.290284 -0.05273 -0.057143 -0.014313 -0.022653 -0.165956 -0.156014 -0.123654 (Points: 5381)
Centroid 22: 0.397033 -0.0435374 -1.00315 -0.517918 -0.666446 0.823646 0.204881 0.444892 0.194929 0.0738465 0.472067 0.439312 -0.540849 -0.260673 -0.072416 -0.114549 -0.091491 -0.147649 -0.0525 -0.106986 -0.013444 -0.017555 -0.044475 -0.243947 -0.147734 -0.233216 -0.175866 -0.032125 -0.002272 -0.070148 -0.076972 -0.057264 11.9789 -0.127256 -0.038005 -0.24686 -0.332219 -0.194973 -0.028574 -0.066903 -0.043274 -0.040384 -0.497429 -0.234031 -0.21498 -0.315238 -0.290284 -0.05273 -0.057143 -0.014313 -0.022653 -0.165956 -0.156014 -0.123654 (Points: 4021)
Centroid 23: 0.327494 0.00820275 -0.160993 0.342629 0.156337 -0.2737 -0.163338 -0.000441806 0.188272 -0.308205 -0.902462 -0.157716 1.10371 -0.260673 -0.072416 -0.114549 -0.091491 -0.147649 -0.0525 -0.106986 -0.013444 -0.017555 -0.044475 -0.243947 -0.147734 -0.233216 -0.175866 -0.032125 -0.002272 -0.070148 -0.076972 -0.057264 -0.08348 -0.127256 -0.038005 -0.24686 -0.332219 -0.194973 -0.028574 -0.066903 -0.043274 -0.040384 -0.497429 -0.234031 4.6516 -0.315238 -0.290284 -0.05273 -0.057143 -0.014313 -0.022653 -0.165956 -0.156014 -0.123654 (Points: 25666)
Centroid 24: -0.0428305 -0.651103 -0.355489 -0.183423 -0.391585 0.943088 0.448284 -0.15298 -0.382324 2.17082 1.10808 -0.232859 -0.879364 -0.260673 -0.072416 -0.114549 -0.091491 -0.147649 -0.0525 -0.106986 -0.013444 -0.017555 -0.044475 -0.243947 -0.147734 -0.233216 -0.175866 -0.032125 -0.002272 -0.070148 -0.076972 -0.057264 -0.08348 -0.127256 -0.038005 -0.24686 -0.332219 -0.194973 -0.028574 -0.066903 -0.043274 -0.040384 2.01034 -0.234031 -0.21498 -0.315238 -0.290284 -0.05273 -0.057143 -0.014313 -0.022653 -0.165956 -0.156014 -0.123654 (Points: 18007)
Centroid 25: 0.0245026 -0.887155 0.922036 0.229336 0.60478 -0.453703 0.419702 -1.40848 -1.22704 -0.167252 -0.902462 -0.232859 1.13718 -0.260673 -0.072416 -0.114549 -0.091491 -0.147649 -0.0525 -0.106986 -0.013444 -0.017555 -0.044475 -0.243947 -0.147734 -0.233216 -0.175866 -0.032125 -0.002272 -0.070148 -0.076972 -0.057264 -0.08348 -0.127256 -0.038005 -0.24686 -0.329841 -0.194973 -0.028574 -0.066903 -0.043274 -0.040384 -0.497429 -0.234031 -0.21498 -0.313791 3.44069 -0.05273 -0.057143 -0.014313 -0.022653 -0.165956 -0.156014 -0.123654 (Points: 16866)
Centroid 26: -0.338912 -0.231348 -0.60965 -0.613634 -0.602937 0.444735 0.194966 0.124362 0.00388511 0.853199 0.563698 -0.205966 -0.345335 -0.260673 -0.072416 -0.114549 -0.091491 -0.147649 -0.0525 -0.106986 -0.013444 -0.017555 -0.044475 -0.243947 -0.147734 -0.233216 -0.175866 -0.032125 -0.002272 -0.070148 -0.076972 -0.057264 -0.08348 7.85818 -0.038005 -0.24686 -0.332219 -0.194973 -0.028574 -0.066903 -0.043274 -0.040384 -0.497429 -0.234031 -0.21498 -0.315238 -0.290284 -0.05273 -0.057143 -0.014313 -0.022653 -0.165956 -0.156014 -0.123654 (Points: 9259)
Centroid 27: -2.35721 0.638687 1.37281 -0.417652 0.346041 -1.02907 -1.65137 -1.15119 0.543127 -0.918964 -0.902462 -0.232859 -0.875768 3.82892 -0.072416 -0.114549 -0.091491 -0.147649 -0.0525 -0.106986 -0.013444 -0.017555 -0.044475 4.09925 -0.147734 -0.233216 -0.175866 -0.032125 -0.002272 -0.070148 -0.076972 -0.057264 -0.08348 -0.127256 -0.038005 -0.24686 -0.332219 -0.194973 -0.028574 -0.066903 -0.043274 -0.040384 -0.497429 -0.234031 -0.21498 -0.315238 -0.290284 -0.05273 -0.057143 -0.014313 -0.022653 -0.165956 -0.156014 -0.123654 (Points: 17946)
Centroid 28: -1.02485 -0.326472 0.545325 -0.142304 0.0795289 -0.408984 -0.0204864 -0.83264 -0.482143 -0.479927 -0.902462 -0.232859 1.13718 -0.260673 -0.072416 -0.114549 -0.091491 -0.147649 -0.0525 -0.106986 -0.013444 -0.017555 -0.044475 4.09925 -0.147734 -0.233216 -0.175866 -0.032125 -0.002272 -0.070148 -0.076972 -0.057264 -0.08348 -0.127256 -0.038005 -0.24686 -0.332219 -0.194973 -0.028574 -0.066903 -0.043274 -0.040384 -0.497429 -0.234031 -0.21498 -0.315238 -0.290284 -0.05273 -0.057143 -0.014313 -0.022653 -0.165956 -0.156014 -0.123654 (Points: 14688)
Centroid 29: 0.0892928 1.41969 0.112573 -0.35755 -0.180244 0.522496 -1.06376 0.104766 0.953143 0.048086 1.10808 -0.232859 -0.879364 -0.260673 -0.072416 -0.114549 -0.091491 -0.147649 -0.0525 -0.106986 -0.013444 -0.017555 -0.044475 -0.243947 -0.147734 -0.233216 -0.175866 -0.032125 -0.002272 -0.070148 -0.076972 -0.057264 -0.08348 -0.127256 -0.038005 -0.24686 -0.332064 -0.194973 -0.028574 -0.066903 -0.043274 -0.040384 2.01022 -0.234031 -0.21498 -0.315238 -0.290284 -0.05273 -0.057143 -0.014313 -0.022653 -0.165956 -0.156014 -0.123654 (Points: 21547)
Centroid 30: 0.565832 0.0580679 0.242514 0.577509 0.330814 0.033866 0.440043 0.861647 0.0263306 -0.0768692 -0.902462 -0.232859 1.13718 -0.260673 -0.072416 -0.114549 -0.091491 -0.147649 -0.0525 -0.106986 -0.013444 -0.017555 -0.044475 -0.243947 -0.147734 -0.233216 -0.175866 -0.032125 -0.002272 -0.070148 -0.076972 -0.057264 -0.08348 -0.127256 -0.038005 -0.24686 -0.332219 -0.194973 -0.028574 -0.066903 -0.043274 -0.040384 -0.497429 -0.234031 -0.21498 -0.315238 3.4449 -0.05273 -0.057143 -0.014313 -0.022653 -0.165956 -0.156014 -0.123654 (Points: 13314)
Centroid 31: -0.2501 0.310144 1.09414 -0.0115552 0.474692 -0.312553 -0.417304 0.352094 0.299363 -0.523428 -0.902462 -0.166629 1.10768 -0.260673 -0.072416 -0.114549 -0.091491 -0.147649 -0.0525 -0.106986 -0.013444 -0.017555 -0.044475 -0.243947 -0.147734 -0.233216 5.68613 -0.032125 -0.002272 -0.070148 -0.076972 -0.057264 -0.08348 -0.127256 -0.038005 -0.24686 -0.332219 -0.194973 -0.028574 -0.066903 -0.043274 -0.040384 -0.497429 -0.234031 -0.21498 -0.315238 -0.290284 -0.05273 -0.057143 -0.014313 -0.022653 -0.165956 -0.156014 -0.123654 (Points: 17431)
Centroid 32: 0.274816 0.0931637 0.422798 0.112463 0.190106 -0.16644 -0.57638 -0.659562 0.107468 0.0405912 -0.62816 0.21885 0.660863 -0.260673 -0.072416 -0.114549 -0.091491 -0.147649 -0.0525 -0.106986 -0.013444 -0.017555 -0.044475 -0.243947 -0.147734 -0.233216 -0.175866 -0.032125 -0.002272 -0.070148 -0.076972 -0.057264 -0.08348 -0.127256 -0.038005 -0.24686 -0.332219 5.12891 -0.028574 -0.066903 -0.043274 -0.040384 -0.497429 -0.234031 -0.21498 -0.315238 -0.290284 -0.05273 -0.057143 -0.014313 -0.022653 -0.165956 -0.156014 -0.123654 (Points: 21278)
Centroid 33: -2.00593 0.100631 0.0343281 -0.120724 0.432379 -1.01254 -0.0529468 -0.0981124 -0.0051989 -0.81604 -0.902462 -0.232859 -0.879364 3.83622 -0.072416 -0.114549 -0.091491 -0.147649 -0.0525 9.34702 -0.013444 -0.017555 -0.044475 -0.243947 -0.147734 -0.233216 -0.175866 -0.032125 -0.002272 -0.070148 -0.076972 -0.057264 -0.08348 -0.127256 -0.038005 -0.24686 -0.332219 -0.194973 -0.028574 -0.066903 -0.043274 -0.040384 -0.497429 -0.234031 -0.21498 -0.315238 -0.290284 -0.05273 -0.057143 -0.014313 -0.022653 -0.165956 -0.156014 -0.123654 (Points: 6575)
Centroid 34: 0.461975 0.86826 -0.66993 -1.05125 -0.687166 -0.391793 -0.372636 0.782192 0.826816 -0.634475 -0.902462 -0.232859 1.13719 -0.260673 -0.072416 -0.114549 -0.091491 -0.147649 -0.0525 -0.106986 -0.013444 -0.017555 -0.044475 -0.243947 -0.147734 -0.233216 -0.175866 -0.032125 -0.002272 -0.070148 -0.076972 -0.057264 -0.08348 -0.127256 26.3122 -0.24686 -0.332219 -0.194973 -0.028574 -0.066903 -0.043274 -0.040384 -0.497429 -0.234031 -0.21498 -0.315238 -0.290284 -0.05273 -0.057143 -0.014313 -0.022653 -0.165956 -0.156014 -0.123654 (Points: 838)
Centroid 35: -2.33249 -0.108013 0.803373 -0.799318 -0.219103 -1.13826 0.36312 -0.450345 -0.699922 -0.822808 -0.902462 -0.232859 -0.879364 3.83623 -0.072416 -0.114549 -0.091491 6.77281 -0.0525 -0.106986 -0.013444 -0.017555 -0.044475 -0.243947 -0.147734 -0.233216 -0.175866 -0.032125 -0.002272 -0.070148 -0.076972 -0.057264 -0.08348 -0.127256 -0.038005 -0.24686 -0.332219 -0.194973 -0.028574 -0.066903 -0.043274 -0.040384 -0.497429 -0.234031 -0.21498 -0.315238 -0.290284 -0.05273 -0.057143 -0.014313 -0.022653 -0.165956 -0.156014 -0.123654 (Points: 1238)
Centroid 36: 1.18978 0.425532 0.70187 0.757552 0.70267 -0.685548 -0.491673 -0.136841 0.236788 -0.0385203 -0.902462 4.29444 -0.879364 -0.260673 -0.072416 -0.114549 -0.091491 -0.147649 -0.0525 -0.106986 -0.013444 -0.017555 -0.044475 -0.243947 -0.147734 -0.233216 -0.175866 -0.032125 -0.002272 -0.070148 -0.076972 -0.057264 -0.08348 -0.127256 -0.038005 -0.24686 -0.332219 -0.194973 -0.028574 -0.066903 -0.043274 -0.040384 -0.496539 -0.234031 -0.21498 -0.315238 3.44358 -0.05273 -0.057143 -0.014313 -0.022653 -0.165956 -0.156014 -0.123654 (Points: 2818)
Centroid 37: 0.487841 0.192448 -0.447134 0.424781 0.142973 -0.235179 -0.00136168 0.399102 0.286585 -0.323178 -0.902462 -0.232859 1.13718 -0.260673 -0.072416 -0.114549 -0.091491 -0.147649 -0.0525 -0.106986 -0.013444 -0.017555 -0.044475 -0.243947 -0.147734 -0.233216 -0.175866 -0.032125 -0.002272 -0.070148 -0.076972 -0.057264 -0.08348 -0.127256 -0.038005 -0.24686 -0.332219 -0.194973 -0.028574 -0.066903 -0.043274 -0.040384 -0.497429 -0.234031 -0.21498 3.17221 -0.290284 -0.05273 -0.057143 -0.014313 -0.022653 -0.165956 -0.156014 -0.123654 (Points: 48724)
Centroid 38: 1.36314 -0.330613 -0.126104 0.0397277 -0.179727 -0.286361 0.61992 0.133066 -0.434696 0.252996 -0.344781 1.6374 -0.255214 -0.260673 -0.072416 -0.114549 -0.091491 -0.147649 -0.0525 -0.106986 -0.013444 -0.017555 -0.044475 -0.243947 -0.147734 -0.233216 -0.175866 -0.032125 -0.002272 -0.070148 -0.076972 -0.057264 -0.08348 -0.127256 -0.038005 -0.24686 -0.332219 -0.194973 6.99128 -0.066903 -0.043274 -0.040384 -0.497429 -0.234031 -0.21498 -0.315238 -0.290284 -0.05273 13.9812 -0.014313 -0.022653 -0.165956 -0.156014 -0.123654 (Points: 2365)
Centroid 39: -0.724808 0.681831 1.66038 0.649012 1.77477 -0.810943 -2.26416 -0.123763 1.47735 -0.453103 -0.902462 -0.232859 1.13719 -0.260673 -0.072416 -0.114549 -0.091491 -0.147649 -0.0525 -0.106986 -0.013444 -0.017555 -0.044475 -0.243947 -0.147734 -0.233216 -0.175866 -0.032125 -0.002272 -0.070148 -0.076972 -0.057264 -0.08348 -0.127256 -0.038005 -0.24686 -0.332219 -0.194973 -0.028574 -0.066903 -0.043274 24.7624 -0.497429 -0.234031 -0.21498 -0.315238 -0.290284 -0.05273 -0.057143 -0.014313 -0.022653 -0.165956 -0.156014 -0.123654 (Points: 946)
Centroid 40: -2.19415 -0.110806 1.14265 -0.467406 0.041346 -1.01769 0.290138 -0.212983 -0.617758 -0.894356 -0.646258 -0.232859 -0.348846 2.23634 4.60203 -0.114549 5.8142 -0.147649 -0.0525 -0.106986 -0.013444 -0.017555 2.82639 -0.243947 -0.147734 -0.233216 -0.175866 -0.032125 -0.002272 -0.070148 -0.076972 -0.057264 -0.08348 -0.127256 -0.038005 -0.24686 -0.332219 -0.194973 -0.028574 -0.066903 -0.043274 -0.040384 -0.497429 -0.234031 -0.21498 -0.315238 -0.290284 -0.05273 -0.057143 -0.014313 -0.022653 -0.165956 -0.156014 -0.123654 (Points: 9001)
Centroid 41: 0.406907 0.5536 -0.542445 1.10668 0.3807 2.01326 -0.185868 0.873574 0.693532 0.890058 1.10808 -0.232859 -0.879364 -0.260673 -0.072416 -0.114549 -0.091491 -0.147649 -0.0525 -0.106986 -0.013444 -0.017555 -0.044475 -0.243947 -0.147734 -0.233216 -0.175866 -0.032125 -0.002272 -0.070148 -0.076972 -0.057264 -0.08348 -0.127256 -0.038005 -0.24686 -0.328597 -0.194973 -0.028574 -0.066903 -0.043274 -0.040384 2.00762 -0.234031 -0.21498 -0.315238 -0.290284 -0.05273 -0.057143 -0.014313 -0.022653 -0.165956 -0.156014 -0.123654 (Points: 15689)
Centroid 42: -0.105324 -0.700418 1.76141 0.00204075 0.601451 -0.712024 0.828052 -2.08637 -2.14278 -0.242653 1.09824 -0.232859 -0.86949 -0.260673 -0.072416 -0.114549 -0.091491 -0.147649 -0.0525 -0.106986 -0.013444 -0.017555 -0.044475 -0.243947 -0.147734 -0.231108 -0.175866 -0.032125 -0.002272 -0.070148 -0.076972 -0.057264 -0.08348 -0.127256 -0.038005 -0.24686 -0.322089 -0.194973 -0.028574 -0.066903 -0.043274 -0.040384 -0.497429 4.24876 -0.21498 -0.308733 -0.290284 -0.05273 -0.057143 -0.014313 -0.022653 -0.165956 -0.156014 -0.123654 (Points: 4289)
Centroid 43: -1.60352 0.0324688 -0.442819 -0.968404 -0.711803 -0.730896 0.0020915 0.320236 0.231418 -0.391723 -0.902462 -0.232859 0.558379 0.915251 -0.072416 -0.114549 -0.091491 -0.147649 -0.0525 -0.106986 -0.013444 -0.017555 -0.044475 -0.243947 -0.147734 -0.233216 -0.175866 4.60632 0.325821 -0.070148 11.0367 -0.057264 -0.08348 -0.127256 -0.038005 -0.24686 -0.332219 -0.194973 -0.028574 -0.066903 -0.043274 -0.040384 -0.497429 -0.234031 -0.21498 -0.315238 -0.290284 -0.05273 -0.057143 -0.014313 -0.022653 -0.165956 -0.156014 -0.123654 (Points: 4024)
Centroid 44: -0.248977 -0.159356 -0.3206 0.200415 -0.167588 0.0376856 0.409364 0.616123 0.0320642 0.322604 -0.902462 -0.232859 1.13719 -0.260673 -0.072416 -0.114549 -0.091491 -0.147649 -0.0525 -0.106986 -0.013444 -0.017555 -0.044475 -0.243947 -0.147734 -0.233216 -0.175866 -0.032125 -0.002272 -0.070148 -0.076972 -0.057264 -0.08348 -0.127256 -0.038005 -0.24686 -0.332219 -0.194973 -0.028574 14.9471 -0.043274 -0.040384 -0.497429 -0.234031 -0.21498 -0.315238 -0.290284 -0.05273 -0.057143 -0.014313 -0.022653 -0.165956 -0.156014 -0.123654 (Points: 2589)
Centroid 45: 0.331057 0.781066 -0.0453161 0.692485 0.495681 1.92936 -0.590945 1.07319 1.06817 0.276856 1.10808 -0.232859 -0.879364 -0.260673 -0.072416 -0.114549 -0.091491 -0.147649 -0.0525 -0.106986 -0.013444 -0.017555 -0.044475 -0.243947 -0.147734 -0.233216 -0.175866 -0.032125 -0.002272 -0.070148 -0.076972 -0.057264 -0.08348 -0.127256 -0.038005 -0.24686 -0.332219 -0.194973 -0.028574 -0.066903 -0.043274 -0.040384 -0.497429 4.27293 -0.21498 -0.315238 -0.290284 -0.05273 -0.057143 -0.014313 -0.022653 -0.165956 -0.156014 -0.123654 (Points: 3289)
Centroid 46: 0.0366197 -0.732509 0.775513 0.0164522 0.101435 -0.28853 0.746535 -1.08115 -1.30778 -0.0221179 1.10808 -0.232859 -0.879364 -0.260673 -0.072416 -0.114549 -0.091491 -0.147649 -0.0525 -0.106986 -0.013444 -0.017555 -0.044475 -0.243947 -0.147734 -0.232579 -0.175866 -0.032125 -0.002272 -0.070148 -0.076972 -0.057264 -0.08348 -0.127256 -0.038005 -0.24686 -0.330178 -0.194973 -0.028574 -0.066903 -0.043274 -0.040384 2.00845 -0.234031 -0.21498 -0.315238 -0.290284 -0.05273 -0.057143 -0.014313 -0.022653 -0.165956 -0.156014 -0.123654 (Points: 21286)
Centroid 47: -0.567155 -0.312584 -0.729927 0.0466451 -0.211362 0.168197 0.405198 0.251564 -0.0962285 1.16886 1.10808 -0.232859 -0.879364 -0.260673 -0.072416 -0.114549 -0.091491 -0.147649 -0.0525 -0.106986 -0.013444 -0.017555 -0.044475 -0.243947 -0.147734 4.02779 -0.175866 -0.032125 -0.002272 -0.070148 -0.076972 0.950586 -0.08348 -0.127256 -0.038005 -0.24686 -0.332219 -0.194973 -0.028574 -0.066903 -0.043274 -0.040384 -0.497429 -0.234031 -0.21498 -0.315238 -0.290284 -0.05273 -0.057143 -0.014313 -0.022653 -0.165956 -0.156014 -0.123654 (Points: 31795)
Centroid 48: 0.630556 0.00675826 -0.268764 -0.266854 -0.350291 0.428348 0.074015 0.111623 0.0468533 -0.205184 0.508263 -0.232859 -0.277755 -0.260673 -0.072416 -0.114549 -0.091491 -0.147649 -0.0525 -0.106986 -0.013444 -0.017555 -0.044475 -0.243947 -0.147734 -0.233216 -0.175866 -0.032125 -0.002272 -0.070148 -0.076972 -0.057264 -0.08348 -0.127256 -0.038005 4.05088 -0.332219 -0.194973 -0.028574 -0.066903 -0.043274 -0.040384 -0.497429 -0.234031 -0.21498 -0.315238 -0.290284 -0.05273 -0.057143 -0.014313 -0.022653 -0.165956 -0.156014 -0.123654 (Points: 28002)
Centroid 49: 0.246974 -0.220104 -0.738069 -0.508323 -0.6201 0.411879 0.286514 0.278633 0.0175392 0.128255 1.10808 -0.232859 -0.879364 -0.260673 -0.072416 -0.114549 -0.091491 -0.147649 -0.0525 -0.106986 -0.013444 -0.017555 -0.044475 -0.243947 -0.147734 -0.233216 -0.175866 -0.032125 -0.002272 -0.070148 -0.076972 -0.057264 -0.08348 -0.127256 -0.038005 -0.24686 3.01006 -0.194973 -0.028574 -0.066903 -0.043274 -0.040384 -0.497429 -0.234031 -0.21498 -0.315238 -0.290284 -0.05273 -0.057143 -0.014313 -0.022653 -0.165956 -0.156014 -0.123654 (Points: 28497)
