Starting K-Means clustering on 581012 points with 4 MPI processes...
------------------------------------------------
Convergence reached in 36 iterations.
Execution Time (Core Loop): 1251.34 ms
------------------------------------------------
Centroid 0: -2.00593 0.100631 0.0343281 -0.120724 0.432379 -1.01254 -0.0529468 -0.0981124 -0.0051989 -0.81604 -0.902462 -0.232859 -0.879364 3.83622 -0.072416 -0.114549 -0.091491 -0.147649 -0.0525 9.34702 -0.013444 -0.017555 -0.044475 -0.243947 -0.147734 -0.233216 -0.175866 -0.032125 -0.002272 -0.070148 -0.076972 -0.057264 -0.08348 -0.127256 -0.038005 -0.24686 -0.332219 -0.194973 -0.028574 -0.066903 -0.043274 -0.040384 -0.497429 -0.234031 -0.21498 -0.315238 -0.290284 -0.05273 -0.057143 -0.014313 -0.022653 -0.165956 -0.156014 -0.123654 (Points: 6575)
Centroid 1: -1.97892 0.152145 1.0018 -0.381242 0.166889 -0.851249 -0.626542 -0.792495 -0.0659395 -0.783893 -0.902462 -0.232859 -0.158123 2.37093 0.817132 0.286544 1.03236 0.0334865 0.592398 -0.106986 -0.013444 -0.017555 -0.044475 2.71408 -0.0621882 -0.233216 -0.174998 0.362494 0.0256407 0.00950848 0.142135 -0.057264 -0.08348 -0.127256 -0.038005 -0.24686 -0.332148 -0.194973 -0.028574 -0.066903 -0.043274 -0.040384 -0.497429 -0.234031 -0.21498 -0.315238 -0.290284 -0.05273 -0.057143 -0.014313 -0.022653 -0.165956 -0.156014 -0.123654 (Points: 47299)
Centroid 2: 0.18954 0.159291 -0.083401 0.0635397 -0.0191814 -0.363142 -0.0630143 0.265326 0.203794 -0.26228 -0.89964 0.370237 0.865599 -0.260419 -0.072416 0.153676 -0.091491 0.287591 -0.0525 -0.106986 -0.013444 -0.017555 -0.044475 -0.240152 0.31331 -0.233216 0.39781 -0.032125 -0.002272 -0.0344548 0.116702 -0.0503507 0.00301023 -0.127256 0.0864678 0.085791 0.217731 0.359173 0.0650108 0.152213 -0.043274 -0.040384 -0.496397 -0.234031 -0.21498 0.715819 -0.290284 -0.05273 0.0650842 -0.014313 -0.022653 0.113017 -0.153497 -0.123423 (Points: 177400)
Centroid 3: 0.168195 -0.159578 -0.354588 -0.107098 -0.248239 0.536235 0.20773 0.0665887 -0.0794072 0.441015 1.10802 -0.232713 -0.879364 -0.260673 -0.072416 -0.114549 -0.091491 -0.147649 -0.0525 -0.106986 0.022433 0.0292913 -0.044475 -0.243947 -0.147734 0.389132 -0.175866 -0.032125 -0.002272 0.0706579 -0.076972 0.0899145 0.0688193 -0.127256 -0.038005 0.14072 0.10571 -0.129759 -0.028574 -0.066903 -0.043274 -0.040384 0.829144 -0.234031 -0.21498 -0.315238 -0.290284 -0.05273 -0.00424391 -0.014313 0.0244093 0.0474127 0.00568126 -0.0860934 (Points: 217726)
Centroid 4: 0.48878 0.0550668 0.449472 0.476401 0.596761 -0.199973 -0.21698 -0.227419 -0.00378471 -0.230293 -0.797819 0.0736286 0.895713 -0.260673 -0.072416 -0.114549 -0.091491 -0.147573 -0.0525 -0.106986 -0.013444 -0.017555 -0.044475 -0.23136 -0.147734 -0.233216 -0.171827 -0.032125 -0.002272 -0.070148 -0.076972 -0.057264 -0.08348 -0.127256 -0.038005 -0.246531 -0.331013 -0.186472 -0.028574 -0.066903 0.231703 0.216227 -0.497429 -0.234031 1.15107 -0.31253 1.55427 0.282333 -0.057143 0.076635 0.00922731 -0.160742 0.445437 0.57219 (Points: 91436)
Centroid 5: -0.338912 -0.231348 -0.60965 -0.613634 -0.602937 0.444735 0.194966 0.124362 0.00388511 0.853199 0.563698 -0.205966 -0.345335 -0.260673 -0.072416 -0.114549 -0.091491 -0.147649 -0.0525 -0.106986 -0.013444 -0.017555 -0.044475 -0.243947 -0.147734 -0.233216 -0.175866 -0.032125 -0.002272 -0.070148 -0.076972 -0.057264 -0.08348 7.85818 -0.038005 -0.24686 -0.332219 -0.194973 -0.028574 -0.066903 -0.043274 -0.040384 -0.497429 -0.234031 -0.21498 -0.315238 -0.290284 -0.05273 -0.057143 -0.014313 -0.022653 -0.165956 -0.156014 -0.123654 (Points: 9259)
Centroid 6: -0.159938 -0.136186 0.285317 -0.223721 -0.0724387 0.279613 0.446024 -0.121175 -0.491774 0.195049 1.10808 -0.232859 -0.879364 -0.260673 -0.072416 -0.114549 -0.091491 -0.147649 -0.0525 -0.106986 -0.013444 -0.017555 0.780657 -0.243947 -0.147734 -0.233216 -0.175866 -0.032125 -0.002272 -0.070148 -0.076972 -0.057264 -0.08348 -0.127256 -0.038005 -0.24686 -0.332219 -0.194973 -0.028574 -0.066903 -0.043274 -0.040384 -0.497429 4.10786 -0.21498 -0.315238 -0.290284 -0.05273 -0.057143 -0.014313 -0.022653 -0.165956 -0.156014 -0.123654 (Points: 31317)
