Starting K-Means clustering on 4898431 points with 4 MPI processes...
------------------------------------------------
Convergence reached in 68 iterations.
Execution Time (Core Loop): 37818.6 ms
------------------------------------------------
Centroid 0: -0.0668312 -0.00194868 -0.00169368 -0.002391 -0.015139 -0.001103 -0.0264754 -0.004391 -0.409208 -0.00209077 -0.008258 -0.004546 -0.003285 -0.009572 -0.008505 -0.028756 0 -0.000639 -0.028911 -1.02258 -1.15685 2.15184 2.14993 -0.247575 -0.247774 -1.76704 0.565823 -0.20057 0.336373 -1.68363 -1.72831 0.30969 -1.25721 -0.155056 2.15138 2.14991 -0.250601 -0.24934 (Points: 374419)
Centroid 1: -0.066833 -0.00137924 -0.00169598 -0.002391 -0.015139 -0.001103 -0.026521 -0.004391 -0.409368 -0.002097 -0.008258 -0.004546 -0.003285 -0.009572 -0.008505 -0.028756 0 -0.000639 -0.028911 0.50712 0.598403 -0.466043 -0.465756 -0.248286 -0.24813 0.539502 -0.255851 -0.201059 0.342517 0.619422 0.598104 -0.282558 0.820852 -0.156668 -0.466405 -0.465454 -0.250728 -0.249632 (Points: 107373)
Centroid 2: -0.066048 -0.00192476 -0.00169327 -0.002391 -0.015139 -0.001103 -0.026251 -0.004391 -0.405214 -0.002097 -0.008258 -0.004546 -0.00322069 -0.009572 -0.008505 -0.028756 0 -0.000639 -0.028911 0.452275 -1.19617 -0.185555 -0.176922 3.57074 3.56605 -1.88403 11.8009 -0.200158 0.336875 -1.77689 -1.83255 8.67186 -1.04263 -0.156392 -0.180797 -0.176544 3.47099 3.59175 (Points: 15793)
Centroid 3: -0.066833 -0.000864159 -0.001696 -0.002391 -0.015139 -0.001103 -0.026521 -0.004391 -0.409368 -0.002097 -0.008258 -0.004546 -0.003285 -0.009572 -0.008505 -0.028756 0 -0.000639 -0.028911 0.823316 0.870922 -0.466043 -0.465756 -0.248286 -0.24813 0.539733 -0.256057 -0.201059 0.343933 0.620664 0.598494 -0.282656 0.820715 -0.156668 -0.466405 -0.465454 -0.250759 -0.249632 (Points: 347155)
Centroid 4: 0.480126 0.000826233 -0.000917001 -0.002391 -0.015139 -0.001103 0.191693 -0.004391 0.268711 -0.00133318 -0.00250414 -0.004546 0.0117352 0.0118522 0.0186824 0.0662369 0 0.148068 0.257265 -1.56187 -1.19381 -0.313093 -0.309829 -0.197593 -0.207748 -0.913131 9.12434 0.398796 -0.318285 -1.3562 -1.3174 2.85065 -0.32659 0.0582931 -0.31178 -0.309205 -0.222693 -0.210783 (Points: 21048)
Centroid 5: -0.0656569 -0.00120969 0.00394184 -0.002391 -0.015139 -0.001103 0.00129183 -0.004391 2.44279 -0.000585339 -0.00692756 -0.004546 -0.00268245 -0.0079797 -0.008505 0.391153 0 -0.000639 -0.0287842 -1.52564 -1.14126 -0.462385 -0.461205 -0.245117 -0.239078 0.53949 -0.254492 0.2566 0.131931 0.564 0.551746 -0.263506 -1.24917 -0.0758801 -0.464596 -0.464027 -0.24287 -0.240957 (Points: 273084)
Centroid 6: -0.066833 -0.000853 -0.001696 -0.002391 -0.015139 -0.001103 -0.026521 -0.004391 -0.409368 -0.002097 -0.008258 -0.004546 -0.003285 -0.009572 -0.008505 -0.028756 0 -0.000639 -0.028911 0.83035 0.876978 -0.466043 -0.465756 -0.248286 -0.24813 0.539733 -0.256057 -0.201059 0.343933 0.621132 0.598967 -0.282939 0.821119 -0.156668 -0.466405 -0.465454 -0.250832 -0.249632 (Points: 1934350)
Centroid 7: 1.07425 3.16807 1.89328 -0.002391 62.512 3.06185 0.022565 1.76169 -0.115223 8.34935 8.91308 20.5024 8.85648 0.798639 0.0968799 4.79435 0 -0.000639 -0.028911 -1.32508 -1.01831 -0.27056 -0.435235 -0.215498 -0.223077 0.369761 -0.137163 -0.174855 -0.0885769 -1.25714 -1.22008 1.49458 -0.779237 -0.0276735 -0.381182 -0.424591 0.620606 -0.218616 (Points: 1086)
Centroid 8: -0.0592049 0.0106806 0.0093579 -0.002391 -0.015139 0.00281039 -0.0217948 -0.004391 2.44279 0.00266933 -0.008258 -0.004546 0.0697113 0.192555 -0.008505 -0.0279609 0 -0.000639 -0.028911 -1.56437 -1.18598 -0.4606 -0.46042 -0.246892 -0.245964 0.531677 -0.235932 -0.156364 -1.93057 -0.938912 -0.543723 0.363365 -0.958941 0.272172 -0.448549 -0.455862 -0.200612 -0.235342 (Points: 70833)
Centroid 9: -0.066833 -0.001396 -0.001696 -0.002391 -0.015139 -0.001103 -0.026521 -0.004391 -0.409368 -0.002097 -0.008258 -0.004546 -0.003285 -0.009572 -0.008505 -0.028756 0 -0.000639 -0.028911 0.83035 0.876989 -0.466043 -0.465756 -0.248286 -0.24813 0.539733 -0.256057 -0.201059 0.343933 0.621132 0.598967 -0.282939 0.821119 -0.156668 -0.466405 -0.465454 -0.250832 -0.249632 (Points: 333634)
Centroid 10: -0.066833 -0.00194897 -0.001696 -0.002391 -0.015139 -0.001103 -0.026521 -0.004391 -0.409349 -0.002097 -0.008258 -0.004546 -0.003285 -0.009572 -0.008505 -0.028756 0 -0.000639 -0.028911 -0.310466 -1.1507 2.15261 2.15001 -0.248286 -0.248092 -1.91262 0.476433 -0.200359 0.34171 -1.67498 -1.72058 0.376156 -1.25787 -0.156668 2.1523 2.15111 -0.25082 -0.249632 (Points: 153701)
Centroid 11: -0.0636876 -0.00190214 0.000197408 0.851645 0.144817 0.0393254 -0.0204567 0.00559933 -0.219474 0.0001343 0.106552 -0.004546 -0.00113696 -0.00663593 -0.000159047 -0.0267024 0 -0.000639 -0.0213377 -1.57525 -1.13485 -0.457855 -0.457387 0.135637 0.131253 0.532208 -0.206906 4.13274 -3.47347 -0.49467 0.261918 0.311101 0.491948 15.0669 -0.45795 -0.458613 0.128319 0.139217 (Points: 13713)
Centroid 12: -0.0620032 -0.00174727 -0.00118294 -0.002391 -0.015139 -0.001103 -0.026521 -0.004391 -0.409368 -0.002097 -0.008258 -0.004546 -0.003285 -0.009572 -0.008505 -0.028756 0 -0.000639 -0.028911 -1.50806 -1.11232 -0.465041 -0.464844 -0.241871 -0.24177 0.528989 -0.226971 0.0809212 0.316561 0.443022 0.433399 -0.198294 -1.20555 -0.155612 -0.466188 -0.465242 -0.249607 -0.248859 (Points: 111129)
Centroid 13: 23.0702 0.229706 0.216177 -0.002391 -0.015139 -0.001103 0.172237 0.0669494 -0.220742 0.0209032 0.0758296 -0.004546 0.0117014 4.34583 -0.008505 0.269422 0 -0.000639 0.109294 -1.57199 -1.19491 -0.463248 -0.46394 0.442367 0.445566 0.324054 0.771794 -0.198157 0.086217 -1.75842 -1.77556 5.85439 0.575313 -0.110643 -0.446021 -0.448031 0.329906 0.42422 (Points: 5761)
Centroid 14: -0.0628611 -0.000133537 0.000990571 -0.002391 -0.00561068 -0.001103 -0.00489911 -0.004391 1.68284 -0.00154995 -0.00688434 -0.004546 0.002101 0.0472383 -0.00331249 0.161614 0 -0.000639 -0.0198801 -1.5744 -1.18825 -0.461167 -0.458245 0.288745 0.30243 0.537582 -0.253302 6.41539 -2.00048 -0.168676 0.0586759 0.0784574 -1.00438 0.702724 -0.452969 -0.461236 0.290969 0.255135 (Points: 88164)
Centroid 15: -0.066833 -0.00139388 -0.001696 -0.002391 -0.015139 -0.001103 -0.026521 -0.004391 -0.409368 -0.002097 -0.008258 -0.004546 -0.003285 -0.009572 -0.008505 -0.028756 0 -0.000639 -0.028911 0.666696 0.735956 -0.466043 -0.465756 -0.248286 -0.24813 0.539733 -0.256057 -0.201059 0.34297 0.620532 0.598949 -0.28293 0.821104 -0.156668 -0.466405 -0.465454 -0.250811 -0.249632 (Points: 83524)
Centroid 16: -0.0497027 0.00286576 0.00169583 -0.002391 0.0622529 0.0165767 -0.0207003 0.481428 -0.408204 -0.00160746 -0.008258 -0.004546 -0.00294165 -0.00751765 -0.008505 -0.028756 0 -0.000639 -0.0271447 -1.54936 -1.16596 -0.454193 -0.454432 -0.218576 -0.218989 0.461394 -0.0492629 -0.0146487 -1.78022 -1.24335 -0.617411 0.166796 -0.38843 0.501631 -0.449001 -0.461105 -0.193604 -0.235798 (Points: 39197)
Centroid 17: -0.066833 -0.00194899 -0.001696 -0.002391 -0.015139 -0.001103 -0.026511 -0.004391 -0.409355 -0.002097 -0.008258 -0.004546 -0.003285 -0.009572 -0.008505 -0.028756 0 -0.000639 -0.028911 -0.557789 -1.16772 2.15207 2.14983 -0.248132 -0.248035 -1.93515 0.513984 -0.200063 0.341639 -1.7082 -1.75395 0.361988 -1.25772 -0.156668 2.152 2.15111 -0.250671 -0.249632 (Points: 213812)
Centroid 18: -0.0625078 -0.0019461 -0.00168978 -0.002391 -0.015139 -0.001103 -0.0261683 -0.004391 -0.407773 -0.00209189 -0.008258 -0.004546 -0.003285 -0.009572 -0.008505 -0.028756 0 -0.000639 -0.028911 -0.878021 -1.16496 -0.466018 -0.465609 4.05614 4.04274 -1.40526 0.398243 -0.18839 -0.258591 -1.38409 -1.35544 0.447864 -1.10573 0.416604 -0.465992 -0.46522 4.03867 4.02013 (Points: 253938)
Centroid 19: 3.94079 -0.000379895 -0.00126975 -0.002391 -0.0109131 0.00830946 -0.0243006 -0.004391 -0.33938 -0.00178002 -0.008258 -0.004546 2.02741e-05 -0.00610858 -0.008505 -0.0236562 0 -0.000639 -0.0249928 -1.57265 -1.19514 -0.403904 -0.404137 -0.227364 -0.226643 0.433872 0.163318 -0.191496 0.225506 -1.7644 -1.81082 6.73289 0.675929 -0.141097 -0.400898 -0.403852 -0.176181 -0.228461 (Points: 44175)
Centroid 20: -0.0643151 -0.000618688 0.0059021 -0.002391 -0.015139 -0.000619824 0.370064 -0.004391 2.4421 -0.0014371 0.0896921 -0.004546 -0.00305749 -0.00805611 0.132336 -0.0282651 0 -0.000639 0.436921 -1.5424 -1.15417 -0.46162 -0.460662 -0.244513 -0.243255 0.539591 -0.255512 0.351468 -2.93827 0.509392 0.570056 -0.263622 -1.05269 0.724427 -0.462153 -0.462725 -0.212542 -0.185968 (Points: 286849)
Centroid 21: -0.066833 -0.001949 -0.001696 -0.002391 -0.015139 -0.001103 -0.026521 -0.004391 -0.409368 -0.002097 -0.008258 -0.004546 -0.003285 -0.009572 -0.008505 -0.028756 0 -0.000639 -0.028911 -0.344237 -1.13417 2.15199 2.15026 -0.248286 -0.248127 -1.86876 0.357808 -0.201028 0.342581 -1.63281 -1.67824 0.20019 -1.25792 -0.156668 2.15242 2.15113 -0.250825 -0.249632 (Points: 124529)
Centroid 22: -0.0668271 -0.000956404 -0.00168868 -0.002391 -0.015139 -0.001103 -0.026521 -0.004391 -0.409368 -0.002097 -0.008258 -0.004546 -0.003285 -0.009572 -0.008505 -0.028756 0 -0.000639 -0.028911 0.691221 0.758135 -0.466043 -0.465756 -0.248286 -0.24813 0.537526 -0.249721 -0.200387 -0.160198 -0.928732 -0.758727 0.340595 -0.412776 -0.156668 -0.397445 -0.465454 -0.0527049 -0.249632 (Points: 1164)
