Starting K-Means clustering on 4898431 points...
------------------------------------------------
Convergence reached in 100 iterations.
Execution Time (Core Loop): 201664 ms
------------------------------------------------
Centroid 0: -0.0623198 -0.00194578 -0.00169071 -0.002391 -0.015139 -0.001103 -0.0256812 0.0247592 -0.408025 -0.00209348 -0.008258 -0.004546 -0.003285 -0.009572 -0.008505 -0.028756 0 -0.000639 -0.028911 -0.77354 -1.16045 -0.46602 -0.465745 4.057 4.04954 -1.69678 0.497359 -0.18581 0.21599 -1.6359 -1.64849 0.558484 -1.1863 -0.124035 -0.465981 -0.46526 4.04948 4.0579 (Points: 220886)
Centroid 1: 0.517664 0.000823872 -0.00091477 0.0173944 -0.015139 -0.001103 0.191651 0.0280114 0.268189 -0.0015205 -0.008258 -0.004546 0.0114656 0.011759 0.0185641 0.0658235 0 -0.000639 0.257657 -1.56198 -1.19382 -0.313749 -0.310507 -0.19805 -0.208737 -0.913955 9.12886 0.396273 -0.321887 -1.35836 -1.31944 2.86811 -0.321559 0.0856529 -0.312495 -0.309855 -0.224481 -0.211407 (Points: 21140)
Centroid 2: -0.066833 -0.001919 -0.00169591 -0.002391 69.9895 -0.001103 -0.026521 -0.004391 -0.409368 -0.002097 -0.008258 -0.004546 -0.003285 -0.009572 -0.008505 -0.028756 0 -0.000639 -0.028911 -1.29542 -0.997067 -0.280361 -0.465756 -0.241361 -0.24813 0.353274 -0.140269 -0.201059 0.1011 -1.23238 -1.22786 1.58472 -0.740595 -0.156668 -0.412326 -0.465454 0.700624 -0.249632 (Points: 970)
Centroid 3: -0.066833 -0.00194899 -0.001696 -0.002391 -0.015139 -0.001103 -0.026521 -0.004391 -0.409357 -0.002097 -0.008258 -0.004546 -0.003285 -0.009572 -0.008505 -0.028756 0 -0.000639 -0.028911 -0.535169 -1.16609 2.1521 2.14989 -0.248168 -0.248044 -1.93213 0.510078 -0.200105 0.341179 -1.70522 -1.75084 0.363042 -1.25774 -0.156668 2.15201 2.15112 -0.250702 -0.249632 (Points: 254962)
Centroid 4: -0.0620328 -0.00185118 -0.00154024 -0.002391 -0.015139 -0.001103 -0.026521 -0.004391 -0.409368 -0.002097 -0.008258 -0.004546 -0.003285 -0.009572 -0.008505 -0.028756 0 -0.000639 -0.028911 -1.50771 -1.11165 -0.465051 -0.464865 -0.240643 -0.240511 0.529515 -0.228331 0.0801868 0.310835 0.456742 0.450137 -0.199267 -1.21206 -0.155497 -0.46637 -0.465431 -0.249364 -0.248611 (Points: 110100)
Centroid 5: -0.066833 -0.000932879 -0.001696 -0.002391 -0.015139 -0.001103 -0.026521 -0.004391 -0.409368 -0.002097 -0.008258 -0.004546 -0.003285 -0.009572 -0.008505 -0.028756 0 -0.000639 -0.028911 0.83035 0.87698 -0.466043 -0.465756 -0.248286 -0.24813 0.539733 -0.256057 -0.201059 0.343933 0.621132 0.598967 -0.282939 0.821119 -0.156668 -0.466405 -0.465454 -0.250832 -0.249632 (Points: 2267979)
Centroid 6: -0.066833 -0.00139386 -0.001696 -0.002391 -0.015139 -0.001103 -0.026521 -0.004391 -0.409368 -0.002097 -0.008258 -0.004546 -0.003285 -0.009572 -0.008505 -0.028756 0 -0.000639 -0.028911 0.666706 0.735965 -0.466043 -0.465756 -0.248286 -0.24813 0.539733 -0.256057 -0.201059 0.341729 0.61975 0.598916 -0.28292 0.821076 -0.156668 -0.466404 -0.465454 -0.250772 -0.249632 (Points: 83568)
Centroid 7: -0.0576297 0.0110101 0.00942308 -0.002391 -0.015139 0.00868794 0.00252057 0.160132 2.44098 0.00505428 -0.008258 0.0339111 0.0709689 0.196805 -0.008505 -0.0279603 0 -0.000639 -0.0279328 -1.56448 -1.18615 -0.460568 -0.460361 -0.245365 -0.244458 0.533538 -0.238944 -0.166424 -1.87794 -0.940384 -0.553115 0.341455 -0.956638 0.260285 -0.447933 -0.455494 -0.201092 -0.233513 (Points: 70779)
Centroid 8: 3.57653 -0.000574806 -0.00126024 -0.002391 -0.0085245 0.00871879 -0.0225419 0.00208122 -0.327645 -0.00096384 -0.008258 -0.0016234 0.00133968 -0.00443626 -0.008505 -0.0227692 0 -0.000639 -0.0215515 -1.57284 -1.1952 -0.401282 -0.401488 -0.238577 -0.237858 0.445209 0.1157 -0.188223 0.217529 -1.763 -1.8094 6.77772 0.672549 -0.135989 -0.398254 -0.401392 -0.178332 -0.238345 (Points: 42334)
Centroid 9: -0.0647751 -0.00111882 0.00391888 -0.002391 -0.015139 -0.001103 0.406343 -0.004391 2.44275 -0.000440775 -0.008258 -0.00362816 -0.00289506 -0.00810847 -0.00808049 0.386237 0 -0.000639 0.466209 -1.52601 -1.14174 -0.462314 -0.461187 -0.245027 -0.239163 0.539506 -0.254607 0.244818 0.140532 0.540806 0.532765 -0.254792 -1.25038 -0.0862094 -0.464702 -0.464069 -0.242727 -0.241141 (Points: 269601)
Centroid 10: -0.0668312 -0.00194868 -0.00169368 -0.002391 -0.015139 -0.001103 -0.0264756 -0.004391 -0.409208 -0.00209078 -0.008258 -0.004546 -0.003285 -0.009572 -0.008505 -0.028756 0 -0.000639 -0.028911 -1.02192 -1.15686 2.15183 2.14992 -0.247569 -0.247775 -1.76747 0.565729 -0.200571 0.336546 -1.68367 -1.72844 0.309761 -1.25723 -0.155158 2.15139 2.14993 -0.250596 -0.249343 (Points: 375454)
Centroid 11: 19.1513 28.2981 22.6073 -0.002391 -0.015139 -0.001103 3.31162 -0.004391 2.3051 0.351986 1.66219 -0.004546 0.194606 160.095 -0.008505 11.2355 0 -0.000639 0.20983 -1.5708 -1.19613 -0.379718 -0.399543 0.0697384 0.0580733 0.48765 -0.050114 -0.201059 -1.9272 -1.62808 -1.37044 0.903304 -1.13749 0.844558 -0.125224 -0.159764 0.0125562 0.203017 (Points: 145)
Centroid 12: -0.0542386 0.00201104 0.00340102 -0.002391 0.0220229 0.00993323 -0.0238893 -0.004391 -0.409368 -0.002097 -0.008258 -0.004546 -0.003285 -0.009572 -0.008505 -0.028756 0 -0.000639 -0.028911 -1.54472 -1.15671 -0.444559 -0.446446 -0.206051 -0.207384 0.532229 -0.233694 0.0209901 -2.66555 -1.0958 -0.132525 0.119903 -0.129563 0.753319 -0.451133 -0.459598 -0.198365 -0.237685 (Points: 25117)
Centroid 13: -0.0623811 0.000106803 0.00140671 -0.002391 -0.0047769 -0.001103 -0.0015507 -0.004391 1.9762 -0.00144889 -0.008258 0.00173303 0.00297162 0.0540769 -0.00269678 0.219559 0 -0.000639 -0.0188092 -1.57417 -1.18769 -0.460662 -0.45742 -0.225906 -0.196134 0.537322 -0.252873 6.3062 -1.80554 -0.213993 -0.00690331 0.119709 -1.05602 0.331389 -0.451324 -0.460771 -0.213299 -0.228341 (Points: 78818)
Centroid 14: 20.786 0.090221 -0.000564128 -0.002391 -0.015139 -0.001103 0.0612674 0.0893017 -0.297404 0.0146437 -0.008258 0.0123772 0.0107123 0.207407 -0.008505 -0.0172005 0 -0.000639 0.0752586 -1.57199 -1.19493 -0.465345 -0.465756 0.365483 0.369631 0.312236 0.813452 -0.198772 0.141329 -1.76285 -1.78831 5.98196 0.625385 -0.136612 -0.456314 -0.456331 0.254894 0.342891 (Points: 7311)
Centroid 15: 3.17255 -0.000693622 0.124618 -0.002391 -0.015139 10.7238 2.16924 2.84972 2.44279 26.7425 119.657 55.2299 28.397 3.56131 4.41954 15.8955 0 9.31482 -0.028911 -1.53366 -1.15634 -0.379768 -0.371624 -0.1582 -0.164215 0.526354 -0.130122 0.066367 -1.31029 -0.334338 -0.0509389 0.075981 -1.07596 1.05661 -0.356972 -0.336572 -0.173251 -0.176058 (Points: 336)
Centroid 16: -0.066833 -0.00194898 -0.001696 -0.002391 -0.015139 -0.001103 -0.026521 -0.004391 -0.409356 -0.002097 -0.008258 -0.004546 -0.003285 -0.009572 -0.008505 -0.028756 0 -0.000639 -0.028911 -0.307432 -1.14072 2.15236 2.15012 -0.248286 -0.248111 -1.88893 0.411261 -0.200715 0.342669 -1.65006 -1.69569 0.284866 -1.25791 -0.156668 2.15242 2.15112 -0.250825 -0.249632 (Points: 236028)
Centroid 17: -0.0668329 -0.00137919 -0.00169597 -0.002391 -0.015139 -0.001103 -0.026521 -0.004391 -0.409368 -0.002097 -0.008258 -0.004546 -0.003285 -0.009572 -0.008505 -0.028756 0 -0.000639 -0.028911 0.507002 0.598313 -0.466043 -0.465756 -0.248286 -0.24813 0.53956 -0.255868 -0.201059 0.34221 0.619104 0.597926 -0.282533 0.820441 -0.156668 -0.466402 -0.465454 -0.250537 -0.249632 (Points: 107406)
Centroid 18: -0.0663889 -0.00194046 -0.00121165 0.193844 0.0229759 0.00612207 -0.0252983 0.00989221 -0.35277 -0.00165543 -0.008258 -0.004546 -0.00290112 -0.009572 -0.008505 -0.0282667 0 -0.000639 -0.0271064 -1.57487 -1.18004 -0.463637 -0.462366 3.10275 3.05335 0.538856 -0.252507 2.13473 -3.42455 0.0940019 0.519656 -0.142809 -0.328449 6.54044 -0.464124 -0.463372 3.05222 2.91241 (Points: 57549)
Centroid 19: -0.066833 -0.000864138 -0.001696 -0.002391 -0.015139 -0.001103 -0.026521 -0.004391 -0.409368 -0.002097 -0.008258 -0.004546 -0.003285 -0.009572 -0.008505 -0.028756 0 -0.000639 -0.028911 0.823326 0.87093 -0.466043 -0.465756 -0.248286 -0.24813 0.539733 -0.256057 -0.201059 0.343728 0.618236 0.596094 -0.281615 0.818663 -0.156668 -0.466343 -0.465454 -0.250506 -0.249632 (Points: 347805)
Centroid 20: -0.0651199 -0.000753873 0.00585343 -0.002391 -0.015139 -0.001103 -0.0189655 -0.004391 2.44279 -0.00202328 -0.008258 -0.004546 -0.00317671 -0.00892987 0.126805 -0.028756 0 -0.000639 -0.028911 -1.54173 -1.15339 -0.461957 -0.460888 -0.24482 -0.243646 0.539629 -0.25563 0.34997 -2.93226 0.534804 0.592 -0.269973 -1.05413 0.726399 -0.462305 -0.462758 -0.214651 -0.188997 (Points: 288426)
Centroid 21: -0.0660496 -0.0019247 -0.00169326 -0.002391 -0.015139 -0.001103 -0.0262502 -0.004391 -0.405203 -0.002097 -0.008258 -0.004546 -0.00322051 -0.009572 -0.008505 -0.028756 0 -0.000639 -0.028911 0.45428 -1.19617 -0.184807 -0.176152 3.56944 3.56476 -1.88367 11.816 -0.200156 0.336856 -1.7769 -1.83257 8.68285 -1.04759 -0.156391 -0.180036 -0.175774 3.46937 3.59045 (Points: 15751)
Centroid 22: -0.0341852 0.00444975 0.00104943 -0.002391 0.112015 -0.001103 -0.025319 -0.004391 -0.391861 -0.002097 -0.008258 -0.004546 -0.003285 -0.0085633 -0.008505 -0.028756 0 -0.000639 -0.028911 -1.4982 -1.13248 -0.463711 -0.463641 -0.238443 -0.238527 0.335679 0.268325 -0.0593409 -0.129353 -1.46186 -1.46074 0.2835 -0.80902 0.023794 -0.438667 -0.461211 -0.190947 -0.246657 (Points: 15966)
