Starting K-Means clustering on 581012 points...
------------------------------------------------
Convergence reached in 46 iterations.
Execution Time (Core Loop): 927.9640 ms
------------------------------------------------
Centroid 0: 0.25488169820295975 1.2080741559196628 -0.1668866344608874 0.08816022484143833 -0.2509017202959825 -0.25818603572938703 -0.7302301513742078 0.4889690952431297 0.9176194093023256 -0.4334366393234665 -0.9024620000000295 -0.2328590000000065 1.137184999999959 -0.2606730000000042 -0.07241600000000262 -0.1145489999999985 -0.09149099999999971 -0.14764899999999664 -0.05250000000000171 -0.10698600000000118 -0.013443999999999682 -0.017554999999999897 -0.04447500000000066 -0.24394700000000502 -0.1477339999999981 -0.23321600000001314 -0.1758660000000004 -0.03212500000000128 -0.0022720000000000062 -0.07014800000000178 -0.07697200000000189 -0.057264000000001467 -0.0834799999999975 -0.12725599999999826 -0.03800500000000037 -0.24685999999999828 -0.3322190000000067 -0.19497300000000098 -0.02857400000000112 -0.06690299999999885 -0.04327399999999996 -0.04038400000000122 -0.4974289999999981 -0.23403100000000085 4.651603999999909 -0.3152380000000039 -0.2902839999999913 -0.05272999999999901 -0.057143000000000846 -0.014312999999999852 -0.022652999999999413 -0.16595600000000454 -0.15601399999999752 -0.12365400000000051 (Points: 9460)
Centroid 1: -0.1462812726872248 -0.6604899149779737 1.8035981819383293 -0.014958018942730623 0.5592999475770924 -0.8161809495594723 0.7813205314977966 -2.1249290121145386 -2.137454135462555 -0.24984778656387682 1.0983372854625422 -0.23285899999999934 -0.8695921766520008 -0.2606730000000033 -0.07241600000000072 -0.114548999999999 -0.0914909999999995 -0.1476489999999979 -0.05250000000000063 -0.10698599999999989 -0.013443999999999987 -0.01755500000000026 -0.044475000000000424 -0.24394700000000394 -0.14773400000000328 -0.23022850022026883 -0.1758660000000004 -0.03212500000000081 -0.002271999999999965 -0.07014800000000043 -0.07697200000000118 -0.0572639999999998 -0.08347999999999824 -0.12725600000000162 -0.038004999999999525 -0.24686000000000352 -0.3197038546255434 -0.1949730000000009 -0.028574000000000616 -0.06690300000000084 -0.04327399999999997 -0.04038399999999948 -0.4305920914096821 4.125015286784044 -0.2149799999999988 -0.30909272422907086 -0.2902839999999945 -0.05273000000000014 -0.05714300000000031 -0.014313000000000098 -0.022652999999999545 -0.16595600000000163 -0.15601400000000204 -0.12365399999999789 (Points: 4540)
Centroid 2: 1.2325554644067798 -0.7108794861484511 0.5313429966101691 0.11372601694915242 0.23232029982466393 0.09262323495032157 0.651777259263588 -0.7556103143191115 -1.0388744072472251 0.09063162828755118 0.02231681589713383 0.011101984453536788 0.10097817311513015 -0.26067300000000376 -0.07241600000000104 -0.11454899999999862 -0.09149099999999948 -0.14764899999999742 -0.052500000000000886 -0.10698600000000016 -0.01344400000000001 -0.017555000000000306 -0.044475000000000514 -0.24394700000000444 -0.14773400000000372 -0.23321600000000564 -0.17586600000000044 -0.03212500000000101 -0.002271999999999956 -0.07014800000000053 -0.07697200000000146 -0.05726399999999979 -0.08347999999999793 -0.12725600000000215 -0.038004999999999435 -0.24686000000000494 -0.33221899999999355 -0.19497300000000095 -0.028574000000000817 -0.06690300000000111 -0.04327399999999997 -0.04038399999999958 -0.49742899999998486 -0.23403099999999918 -0.21497999999999776 -0.3152379999999955 -0.29028399999999327 -0.05273000000000014 -0.05714300000000045 -0.014313000000000168 -0.022652999999999472 -0.16595600000000224 6.409681999999967 -0.1236539999999972 (Points: 8555)
Centroid 3: 0.5495758493878143 0.0674562181000147 0.23588152972414833 0.5453834717509962 0.3092657442100577 0.027096805797314796 0.42355870179967486 0.8594754885676505 0.04057772304174646 -0.08418135152677378 -0.9024619999999808 -0.23285900000000267 1.137185000000041 -0.26067300000000443 -0.07241600000000327 -0.11454899999999518 -0.09149100000000689 -0.14764899999999628 -0.05249999999999939 -0.106986000000003 -0.013443999999999495 -0.017554999999999297 -0.04447499999999837 -0.24394700000000535 -0.1477339999999929 -0.23321600000001688 -0.17586599999999597 -0.0321250000000014 -0.0022720000000000756 -0.07014799999999663 -0.07697200000000211 -0.057264000000000696 -0.08348000000000418 -0.12725600000000242 -0.03800500000000146 -0.24686000000000569 -0.3322190000000129 -0.19497299999999176 -0.028573999999999284 -0.06690300000000132 -0.04327400000000353 -0.04038399999999916 -0.49742900000002027 -0.23403099999999394 -0.2149800000000085 -0.31523799999998625 3.4449009999998266 -0.052729999999995676 -0.05714299999999942 -0.014312999999999106 -0.022653000000001172 -0.1659560000000038 -0.15601399999999307 -0.12365399999999681 (Points: 13558)
Centroid 4: 0.3693677683349957 0.29527985389039385 -0.5091486668567897 -0.4657757130567043 -0.5177649444840596 -0.27278310014734547 -0.08136152065212288 0.50582790988165 0.4104749620229092 -0.3984190987689525 -0.902461999999961 -0.2328590000000038 1.1371850000000685 -0.2606730000000046 -0.07241600000000398 -0.11454899999999414 -0.09149100000001059 -0.14764899999999712 -0.05249999999999818 -0.10698600000000383 -0.013443999999999335 -0.01755499999999889 -0.0444749999999978 -0.2439470000000056 -0.14773399999998887 -0.23321600000002027 -0.17586599999999153 -0.03212500000000151 -0.0022720000000001224 -0.07014799999999477 -0.07697200000000094 -0.05726400000000099 -0.08348000000000716 -0.12725600000000253 -0.038005000000002204 -0.24686000000000574 3.0100609999998653 -0.19497299999998594 -0.02857399999999845 -0.06690300000000153 -0.043274000000005225 -0.04038399999999972 -0.497429000000037 -0.23403099999999247 -0.21498000000001463 -0.3152379999999808 -0.2902840000000223 -0.052729999999993546 -0.05714299999999913 -0.014312999999998594 -0.02265300000000204 -0.16595600000000116 -0.15601399999998997 -0.12365399999999672 (Points: 21039)
Centroid 5: -2.4187702661290293 -1.1000034600358468 1.4306870602150736 -0.4621156462365578 0.20279554408602216 -1.0505510836917586 -0.41708183369175744 -2.2564696050179216 -1.086523725985663 -0.939172061648747 -0.9024620000000344 -0.2328590000000134 -0.8724976145161527 3.8222749888886614 -0.07241600000000274 -0.11454900000000143 -0.0914910000000034 -0.1476489999999966 -0.05250000000000021 -0.10698599999999814 -0.013443999999999607 -0.017554999999999567 -0.04447499999999891 4.0992540000000925 -0.1477339999999956 -0.23321600000001422 -0.17586600000000044 -0.032125000000001284 -0.0022720000000000444 -0.07014800000000192 -0.07697200000000193 -0.057264000000003194 -0.08348000000000005 -0.127255999999995 -0.03800500000000093 -0.24685999999999172 -0.33221900000001003 -0.19497300000000098 -0.028574000000001123 -0.06690299999999728 -0.04327400000000155 -0.04038400000000066 -0.49742900000001117 -0.23403100000000657 -0.21497999999999592 -0.31523800000000113 -0.29028399999999227 -0.0527299999999972 -0.05714300000000231 -0.014312999999999415 -0.022653000000000312 -0.16595600000000466 -0.15601399999999555 -0.12365400000000382 (Points: 5580)
Centroid 6: 0.2527655921727135 -1.0617421126774453 0.39906226902602626 0.3062680611198745 0.2683590240536284 -0.34130366009463736 0.010692108438485158 -1.0286164838328065 -0.5678145887223972 0.015909535981861078 -0.7841365293769929 -0.23285900000000384 1.0185060022673154 -0.26067300000000415 -0.07241600000000213 -0.11454899999999832 -0.09149099999999945 -0.14764899999999678 -0.05250000000000173 -0.10698600000000126 -0.013443999999999795 -0.017554999999999998 -0.04447500000000065 -0.24394700000000497 -0.14773399999999984 -0.2332160000000108 -0.1758660000000004 -0.03212500000000121 -0.002271999999999992 -0.07014800000000138 -0.07697200000000182 -0.05726400000000082 -0.08347999999999754 -0.12725599999999945 -0.03800500000000008 -0.24686000000000052 -0.33221900000000176 5.128913999999914 -0.028574000000001036 -0.06690299999999948 -0.043273999999999965 -0.04038400000000064 -0.4974289999999937 -0.23403099999999993 -0.21497999999999642 -0.315238000000001 -0.2902839999999917 -0.052729999999999624 -0.057143000000000624 -0.014312999999999982 -0.022652999999999382 -0.16595600000000382 -0.15601399999999904 -0.12365399999999936 (Points: 10144)
Centroid 7: 1.5703600139165024 -0.565356741550696 -0.6000566739562628 -0.3484296322067602 -0.576407218687874 -0.4472391908548707 0.5398742485089464 0.06694588469184884 -0.3155876282306163 1.2113336222664006 -0.9024620000000079 4.294443000000008 -0.8793640000000116 -0.26067300000000215 -0.07241599999999915 -0.11454900000000058 -0.09149099999999953 -0.1476490000000002 -0.05249999999999982 -0.106985999999999 -0.013443999999999885 -0.01755500000000012 -0.04447499999999997 -0.2439470000000025 -0.14773400000000048 -0.23321599999999973 -0.17586600000000036 -0.03212499999999999 -0.0022720000000000158 -0.0701480000000001 -0.07697199999999989 -0.0572639999999998 -0.08347999999999942 -0.1272559999999989 -0.03800500000000038 -0.24685999999999747 -0.3322189999999974 -0.1949730000000008 -0.028573999999999888 -0.06690299999999952 -0.04327399999999996 -0.04038399999999999 -0.4974290000000007 -0.23403099999999902 -0.21498000000000256 -0.3152380000000032 -0.290284 -0.052730000000000124 17.5000339999998 -0.014312999999999831 -0.02265299999999981 -0.16595599999999955 -0.15601400000000004 -0.1236540000000009 (Points: 503)
Centroid 8: -2.515944358931553 0.23647756260434052 0.0071078046744574306 -1.1977625025041758 -0.7558361803005009 -1.0566342487479137 -0.333672160267112 0.030155913188647746 0.3058728447412355 -1.0161892737896494 -0.9024620000000007 -0.23285899999999948 -0.07139778964941641 2.1947299749582663 -0.0724160000000001 -0.11454899999999983 -0.09149099999999974 -0.14764899999999967 -0.052499999999999866 -0.10698600000000033 -0.013443999999999987 -0.01755499999999997 -0.04447499999999999 -0.24394699999999955 -0.14773399999999964 -0.23321599999999978 -0.17586600000000027 31.128281999999928 -0.0022719999999999954 -0.07014800000000014 -0.07697199999999964 -0.05726399999999989 -0.08348000000000017 -0.12725600000000012 -0.03800499999999993 -0.24685999999999905 -0.33221900000000043 -0.19497300000000045 -0.028573999999999943 -0.06690300000000006 -0.043273999999999965 -0.04038399999999997 -0.4974290000000007 -0.23403100000000063 -0.21497999999999975 -0.3152379999999995 -0.29028400000000065 -0.052730000000000096 -0.057142999999999985 -0.014313000000000025 -0.02265300000000005 -0.16595600000000058 -0.15601399999999951 -0.1236540000000002 (Points: 599)
Centroid 9: -2.3483563409514954 -0.09830757182835824 0.156692311567163 -0.1491118675373134 0.40985739225746304 -0.9810205284514918 0.19775158115671632 -0.06524451585820905 -0.21626228358208954 -0.9675380946828338 -0.9024620000000049 -0.23285899999999934 -0.8793640000000169 3.836225000000004 -0.07241600000000072 8.729884999999868 -0.09149099999999949 -0.1476489999999982 -0.052500000000000505 -0.10698599999999986 -0.013444000000000015 -0.017555000000000275 -0.04447500000000034 -0.24394700000000363 -0.14773400000000286 -0.23321600000000414 -0.17586600000000038 -0.03212500000000076 -0.002271999999999965 -0.07014800000000054 -0.07697200000000096 -0.0572639999999998 -0.08347999999999842 -0.1272560000000015 -0.03800499999999952 -0.24686000000000324 -0.33221899999999327 -0.1949730000000009 -0.028574000000000606 -0.06690300000000075 -0.043273999999999965 -0.04038399999999955 -0.4974289999999887 -0.23403099999999952 -0.21497999999999842 -0.3152379999999959 -0.29028399999999527 -0.05273000000000013 -0.05714300000000039 -0.014313000000000112 -0.02265299999999959 -0.16595600000000196 -0.1560140000000023 -0.12365399999999804 (Points: 2144)
Centroid 10: -0.5200238282901065 -0.40946466822766603 0.07073789217098911 -0.46916880259365823 -0.3896995869356383 -0.6214126388088388 0.829318048390968 0.07829954310758859 -0.6628842958693565 -0.2787989213496637 1.1080799999999629 -0.23285900000000498 -0.8793640000000226 -0.26067300000000404 -0.07241600000000223 -0.11454899999999879 -0.09149100000000024 -0.1476489999999968 -0.052500000000001226 -0.10698600000000046 -0.013443999999999784 -0.017555000000000043 -0.044475000000000375 -0.24394700000000485 -0.14773400000000025 -0.23321600000001114 -0.1758660000000004 -0.0321250000000012 -0.0022719999999999837 -0.07014800000000145 -0.07697200000000178 -0.05726400000000113 -0.08347999999999761 -0.12725599999999931 -0.03800499999999994 -0.24686 -0.3322190000000015 -0.19497300000000095 -0.028574000000001043 -0.06690299999999952 -0.04327400000000009 -0.040384000000000586 -0.49742899999999474 4.272930999999968 -0.21497999999999629 -0.3152380000000001 -0.2902839999999919 -0.052729999999999104 -0.057143000000000874 -0.01431299999999991 -0.02265299999999957 -0.165956000000004 -0.1560139999999995 -0.12365399999999965 (Points: 8328)
Centroid 11: 0.04222670807416996 -0.8861393542424585 0.9345464440793385 0.24976689343973818 0.6117517491491613 -0.45561077584790577 0.42130197582443485 -1.4213642598286482 -1.2375331531510385 -0.16211081856589477 -0.9024620000000302 -0.17042994413802887 1.1093778755427735 -0.26067300000000443 -0.07241600000000334 -0.11454900000000129 -0.09149100000000612 -0.14764899999999617 -0.05249999999999963 -0.1069859999999976 -0.013443999999999455 -0.01755499999999919 -0.04447499999999761 -0.24394700000000544 -0.14773399999999193 -0.2332160000000175 -0.1758660000000004 -0.03212500000000142 -0.002272000000000088 -0.07014799999999903 -0.07697200000000214 -0.057264000000003895 -0.08348000000000261 -0.12725599999999593 -0.038005000000001676 -0.24685999999999228 -0.3300616780894441 -0.19497300000000098 -0.028574000000000804 -0.0669029999999983 -0.04327400000000292 -0.04038400000000025 -0.49742900000002327 -0.23403100000000662 -0.21497999999999684 -0.31523799999999547 3.442490071998406 -0.05272999999999568 -0.05714300000000249 -0.014312999999999059 -0.02265300000000095 -0.16595600000000554 -0.15601399999999216 -0.12365400000000348 (Points: 17042)
Centroid 12: 1.486529182633587 -0.006132344561068493 0.14334429685114536 1.224055916030535 1.3946647072519072 0.1330036509541981 0.0269843485687019 -0.1328540693702292 -0.11094823082061114 -0.05043951307251831 -0.06812543912216658 0.6708734221373897 -0.10218447604962708 -0.26067300000000404 -0.0724160000000023 -0.11454899999999879 -0.09149099999999982 -0.14764899999999684 -0.052500000000001705 -0.10698600000000123 -0.013443999999999671 -0.017554999999999748 -0.04447500000000054 -0.2439470000000049 -0.1477339999999972 -0.23321600000001239 -0.1758660000000004 -0.03212500000000121 -0.002272000000000026 -0.07014800000000158 -0.07697200000000178 -0.05726400000000147 -0.0834799999999976 -0.1272559999999976 -0.0380050000000007 -0.24685999999999708 -0.33221900000000815 -0.194973000000001 -0.028574000000001053 -0.0669029999999984 -0.043273999999999965 -0.04038400000000141 -0.49742900000000073 -0.23403100000000138 -0.2149799999999963 -0.31523800000000635 -0.2902839999999918 2.870627800572513 -0.05714300000000088 0.7791911952289892 -0.022652999999999472 -0.16595600000000404 -0.15601399999999652 6.731707999045579 (Points: 10480)
Centroid 13: 0.9339503680533925 0.09554941757624971 -0.23376594954156846 0.22242011276741683 -0.1851379119940113 -0.8744061434541196 0.19982792870953686 0.24562145986403305 0.003844774402794714 0.34236022827917334 -0.9024619999999987 4.294442999999366 -0.8793639999998378 -0.2606729999999556 -0.07241600000000468 -0.11454899999998551 -0.09149100000001766 -0.14764900000002673 -0.05250000000000158 -0.10698600000000005 -0.013443999999999144 -0.017554999999998384 -0.04447500000000177 -0.24394700000000583 -0.14773399999998418 -0.233216000000024 -0.17586599999996141 -0.03212500000000163 -0.00227200000000018 -0.0701480000000025 -0.07697199999998589 -0.05726400000000602 -0.08348000000001421 -0.12725599999998763 -0.03800500000000311 0.24529083340609603 1.3673761375288074 -0.19497299999996962 1.0069118012848002 -0.06690299999999295 -0.04327400000000881 -0.04038400000000495 -0.4858544593651156 -0.23403100000001184 -0.21498000000004 0.5028420152185723 0.11391645998881303 -0.05272999999999609 -0.05714299999999501 -0.014313 -0.02265300000000377 -0.1659559999999709 -0.15601399999998614 -0.12365399999998856 (Points: 16033)
Centroid 14: 0.6202436496667073 1.0268253526604458 -0.443552982329507 0.39650676902141774 0.057236244231452 -0.16999872137419558 -0.4652533474933944 0.755558876740441 0.8615333534098532 -0.4239838724016886 -0.9024619999999516 -0.23285900000000295 1.1371850000000878 -0.26067300000000465 -0.07241600000000423 -0.1145489999999932 -0.09149100000001262 -0.1476489999999992 -0.052499999999997694 -0.10698600000000422 -0.013443999999999264 -0.01755499999999877 -0.04447499999999714 -0.2439470000000057 -0.1477339999999876 -0.23321600000002163 -0.1758659999999901 -0.03212500000000156 -0.002272000000000136 -0.07014799999999441 -0.07697200000000003 -0.057264000000000856 -0.08348000000000905 -0.1272560000000037 -0.03800500000000243 -0.24686000000000777 -0.33221900000001187 -0.19497299999998438 -0.02857399999999804 -0.06690300000000214 -0.04327400000000621 -0.04038399999999952 -0.4974290000000417 -0.23403099999999047 -0.21498000000001716 3.17220599999995 -0.2902840000000235 -0.0527299999999927 -0.057142999999998736 -0.014312999999998422 -0.022653000000002536 -0.16595599999999958 -0.1560139999999889 -0.1236539999999957 (Points: 25353)
Centroid 15: 0.17857953272194438 1.1692094153461237 -0.1550369633980905 0.1306595984100292 -0.013927392500542377 1.051774194812245 -0.7369202718417667 0.4598448347080629 0.8944663657206373 0.4438630657966143 1.1080799999999276 -0.23285900000001988 -0.8793639999997916 -0.26067299999994636 -0.07241600000000453 -0.1145489999999803 -0.09149100000001839 -0.14764900000003234 -0.05250000000000294 -0.10698600000000187 -0.013443999999999175 -0.017554999999998412 -0.04447499999999971 -0.24394700000000577 -0.14773399999998577 -0.23321600000002327 -0.17586599999995245 -0.032125000000001604 -0.0022720000000001767 -0.07014800000000351 -0.07697199999998225 -0.05726400000000456 -0.08348000000000985 -0.12725599999998807 -0.03800500000000214 -0.24685999999998143 -0.33221899999994153 -0.19497299999996953 -0.028573999999993917 -0.06690299999999257 -0.043274000000005856 -0.04038400000000615 2.0103359999996546 -0.2340310000000069 -0.21498000000005152 -0.3152379999999657 -0.2902839999999851 -0.05272999999999763 -0.05714299999999234 -0.014313000000000306 -0.022653000000003976 -0.16595599999996244 -0.15601399999998658 -0.12365399999998378 (Points: 36856)
Centroid 16: -2.8244340428477264 -0.10564624423203695 1.4882656558998066 -0.4853197640079097 0.209966050428478 -1.1544535009887962 -0.013150876400791501 -0.7263472590639425 -0.6924251578773924 -1.016544870797626 -0.9024620000000256 -0.23285900000000098 -0.87936400000002 3.836224999999958 13.795324094264615 -0.1145489999999964 -0.09149099999999946 -0.14764899999999742 -0.052500000000002316 -0.10698600000000304 -0.013443999999999704 -0.017555000000000015 -0.04447500000000047 -0.2439470000000043 -0.1477339999999987 -0.23321600000001086 -0.1758660000000004 -0.03212500000000103 0.4328777350033227 -0.07014800000000154 -0.0769720000000014 -0.057264000000000016 -0.083479999999998 -0.12725599999999973 -0.03800500000000028 -0.24686000000000127 -0.3322190000000056 -0.19497300000000092 -0.028574000000000887 -0.0669029999999994 -0.043273999999999965 -0.04038400000000104 -0.4974289999999927 -0.23403099999999635 -0.2149799999999968 -0.31523800000000324 -0.29028399999999327 -0.05273000000000013 -0.05714299999999947 -0.014313000000000147 -0.02265299999999949 -0.16595600000000393 -0.1560139999999984 -0.12365399999999903 (Points: 3034)
Centroid 17: 0.19290319630996322 1.5319380758671608 0.7164480032472323 0.06306426361623661 0.26793085461254645 -0.2433898400000001 -1.4687852851660481 -0.5120798968265672 0.8874408246494466 -0.22717275911439108 -0.8816888723247457 -0.23285900000000043 1.1163498073800415 -0.2606730000000039 -0.0724160000000021 -0.1145489999999966 -0.09149099999999948 -0.14764899999999706 -0.05250000000000217 -0.10698600000000257 -0.01344399999999978 -0.01755500000000017 -0.044475000000000584 -0.2439470000000047 -0.14773400000000067 -0.23321600000001072 -0.17586600000000044 -0.032125000000001146 -0.002271999999999976 -0.07014800000000142 -0.07697200000000165 -0.057263999999999975 -0.08347999999999775 -0.12725600000000123 -0.03800499999999987 -0.24686000000000397 -0.3322190000000013 5.128913999999918 -0.028574000000000984 -0.0669030000000002 -0.04327399999999998 -0.04038400000000054 -0.4974289999999871 -0.23403099999999635 -0.2149799999999965 -0.3152379999999997 -0.29028399999999244 -0.05273000000000014 -0.0571429999999997 -0.014313000000000188 -0.022652999999999437 -0.16595600000000385 -0.1560139999999999 -0.1236539999999977 (Points: 6775)
Centroid 18: 0.22507774521225699 -0.9520054549952133 -0.12053815288860449 -0.0267869051228843 -0.1953378862910947 -0.33767843456750735 0.3019665230609637 -0.47707122566230314 -0.45197848675391084 -0.30713420411745784 -0.9024620000000407 -0.23285900000001458 1.1371849999999792 -0.26067300000000426 -0.0724160000000033 -0.11454900000000107 -0.0914910000000038 -0.1476489999999963 -0.05250000000000063 -0.10698599999999885 -0.013443999999999507 -0.01755499999999948 -0.04447499999999873 -0.2439470000000052 -0.14773399999999415 -0.23321600000001666 -0.17586600000000044 -0.03212500000000138 -0.0022720000000000526 -0.07014800000000049 -0.07697200000000207 -0.057264000000003604 -0.0834800000000005 -0.12725599999999618 -0.03800500000000114 -0.24685999999999314 -0.33221900000001464 -0.19497300000000103 -0.028574000000001234 -0.0669029999999982 -0.0432740000000018 -0.04038400000000077 -0.497429000000014 -0.23403100000000604 4.651603999999877 -0.3152379999999991 -0.2902839999999991 -0.05272999999999696 -0.057143000000002324 -0.014312999999999366 -0.022653000000000402 -0.16595600000000552 -0.15601399999999424 -0.12365400000000303 (Points: 12532)
Centroid 19: 0.12538599674043568 1.1535506817635972 0.16860696997769736 0.1396796071367302 0.22925805627037246 0.7025893455138104 -0.9845154815577313 0.48322847109281336 1.0665960650197295 0.1077227407788644 1.1080799999999753 -0.2328589999999993 -0.8793640000000221 -0.260673000000004 -0.07241600000000145 -0.11454899999999768 -0.09149099999999945 -0.14764899999999703 -0.05250000000000147 -0.1069860000000011 -0.013443999999999925 -0.017555000000000227 -0.04447500000000061 -0.2439470000000048 -0.14773400000000272 -0.23321600000000786 -0.17586600000000038 -0.032125000000001125 -0.0022719999999999646 -0.07014800000000079 -0.07697200000000166 -0.05726399999999977 -0.08347999999999768 -0.12725600000000212 -0.03800499999999966 -0.24686000000000569 -0.3322189999999973 -0.19497300000000095 -0.028574000000000946 -0.06690300000000085 -0.043273999999999965 -0.04038400000000004 -0.4974289999999834 4.272930999999882 -0.21497999999999706 -0.31523799999999813 -0.29028399999999227 -0.05273000000000013 -0.05714300000000016 -0.014313000000000208 -0.022652999999999406 -0.16595600000000268 -0.15601400000000065 -0.1236539999999968 (Points: 5829)
Centroid 20: 0.14072510841592992 -0.7353028840293667 -0.1750090641832597 -0.06605760414808697 -0.21959481008740658 0.41566523047621495 0.5877135181287779 -0.26712844199556907 -0.59595830142431 0.42799726384182335 1.1063894787884068 -0.23285900000007845 -0.8776684279305235 -0.26067299999988724 -0.07241599999997342 -0.11454899999997417 -0.0914910000000216 -0.1476489999999929 -0.05250000000000744 -0.10698599999999989 -0.013444000000002551 -0.01755500000000554 -0.044474999999985394 -0.24394700000000596 -0.14773400000004744 -0.23321600000002554 -0.17586599999993277 -0.03212499999998981 -0.0022720000000002096 -0.0701479999999841 -0.07697199999997056 -0.05726400000001935 -0.08347999999997884 -0.12725600000000847 -0.038004999999986334 -0.24685999999992783 -0.3322189999999043 -0.1949729999999917 -0.028573999999991974 -0.06690300000000707 -0.04327399999999442 -0.0403840000000107 2.0008153491217784 -0.23403099999998975 -0.21498000000001213 -0.3152380000000894 -0.29028399999994736 -0.05273000000000121 -0.0571430000000066 -0.01431299999999996 0.1450248202665282 -0.16595599999994168 -0.1560139999999865 -0.123654000000021 (Points: 78494)
Centroid 21: 0.6140571656912664 1.2226006805502891 -0.18382995903321367 -0.19203295903321355 -0.2639251869727136 0.2639639225507341 -0.8069948551341506 0.47601041909250025 0.9709659434521568 -0.24075738876643554 -0.05588582914041258 0.9807758828760063 -0.2524972819031892 -0.2606730000000043 -0.07241600000000335 -0.1145490000000029 -0.09149100000000548 -0.14764899999999628 -0.05249999999999969 -0.10698599999999699 -0.013443999999999484 -0.017554999999999262 -0.04447499999999796 -0.24394700000000522 -0.14773399999999237 -0.23321600000001708 -0.1758660000000004 -0.03212500000000139 -0.0022720000000000795 -0.07014800000000017 -0.07697200000000207 -0.057264000000004624 -0.08348000000000205 -0.12725599999999368 -0.038005000000001524 4.050881999999917 -0.3322190000000172 -0.194973000000001 -0.028574000000001248 -0.06690299999999727 -0.04327400000000257 -0.04038400000000043 -0.49742900000002177 -0.23403100000001048 -0.21497999999999495 -0.315237999999997 -0.29028400000000154 -0.05272999999999592 -0.057143000000003254 -0.014312999999999118 -0.022653000000000797 -0.1659560000000056 -0.15601399999999283 -0.1236540000000055 (Points: 13157)
Centroid 22: 0.039296165921287755 0.6042201963327365 0.37244581932021414 -0.4426072164579595 -0.012685784883720838 1.564951791592129 -1.0272505035778174 -0.15871514177101953 0.7406343971377456 1.4142509883720935 1.1080799999999829 -0.2328589999999994 -0.8793640000000169 -0.2606730000000031 -0.07241600000000097 -0.11454899999999847 -0.09149099999999949 -0.14764899999999803 -0.0525000000000008 -0.10698600000000044 -0.013443999999999968 -0.017555000000000317 -0.04447500000000035 -0.24394700000000363 -0.14773400000000306 -0.23321600000000522 -0.17586600000000038 -0.032125000000000806 -0.002271999999999957 -0.07014800000000071 -0.07697200000000103 -0.0572639999999998 -0.08347999999999843 -0.12725600000000167 -0.03800499999999941 -0.24686000000000366 -0.3322189999999933 5.128913999999931 -0.028574000000000658 -0.06690300000000084 -0.043273999999999965 -0.040383999999999545 -0.4974289999999878 -0.2340309999999988 -0.214979999999998 -0.31523799999999497 -0.2902839999999949 -0.052730000000000124 -0.05714300000000021 -0.01431300000000014 -0.022652999999999594 -0.16595600000000243 -0.15601400000000268 -0.12365399999999784 (Points: 2236)
Centroid 23: -1.2429516929654734 0.11657492787996102 0.8929731765085589 -0.33235030106485774 0.1697678605195224 -0.5995544617618586 0.1612725954340104 0.5716047581477924 -0.03162677500806707 -0.5179696314940314 -0.9024620000000305 -0.23285900000001336 0.9357903838334918 0.14848799741851845 -0.07241600000000309 -0.1145490000000009 -0.09149100000000543 6.772808000000196 -0.05249999999999985 -0.10698599999999728 -0.013443999999999526 -0.01755499999999933 -0.04447499999999792 -0.24394700000000535 -0.1477339999999934 -0.23321600000001608 -0.17586600000000044 -0.03212500000000139 -0.0022720000000000717 -0.07014799999999954 -0.0769720000000021 -0.057264000000003375 -0.08348000000000205 -0.12725599999999676 -0.03800500000000141 -0.24685999999999442 -0.3322190000000152 -0.19497300000000103 -0.028574000000000894 -0.06690299999999852 -0.04327400000000261 -0.04038400000000018 -0.4974290000000173 -0.23403100000000532 -0.21497999999999537 -0.3152379999999961 -0.29028400000000193 -0.05272999999999628 -0.05714300000000227 -0.014312999999999241 -0.02265300000000079 -0.16595600000000518 -0.15601399999999332 -0.1236540000000024 (Points: 12396)
Centroid 24: -0.7248082463002108 0.6818311279069765 1.660377069767446 0.6490124207188172 1.7747716754756835 -0.8109430317124742 -2.2641564746300222 -0.12376258879492627 1.4773460909090887 -0.45310299577167057 -0.9024619999999919 -0.23285899999999932 1.1371850000000148 -0.2606730000000035 -0.07241599999999922 -0.11454900000000132 -0.09149099999999948 -0.1476489999999979 -0.05249999999999982 -0.10698599999999804 -0.013444000000000178 -0.01755499999999988 -0.04447500000000044 -0.2439470000000042 -0.14773400000000336 -0.23321599999999976 -0.1758660000000004 -0.03212500000000081 -0.0022720000000000114 -0.07014799999999884 -0.07697200000000118 -0.057263999999999794 -0.08347999999999817 -0.12725600000000148 -0.03800500000000019 -0.24686000000000338 -0.33221899999999227 -0.19497300000000095 -0.028574000000000592 -0.0669030000000008 -0.043273999999999965 24.762422999999476 -0.4974289999999881 -0.23403100000000354 -0.21497999999999942 -0.3152380000000008 -0.29028399999999444 -0.05273000000000014 -0.05714300000000139 -0.014313000000000072 -0.022652999999999524 -0.16595599999999966 -0.15601399999999974 -0.12365399999999797 (Points: 946)
Centroid 25: -0.17036612323943673 -0.2597744999999999 -1.2693393838028175 0.10210376056338025 -0.6970326478873238 1.4794059225352116 0.27773533450704246 0.48705661971830994 0.17929908450704193 1.9582234894366204 1.1080800000000006 -0.2328589999999994 -0.879364 -0.2606730000000001 -0.07241599999999973 -0.11454899999999946 -0.09149099999999961 -0.1476490000000002 -0.05249999999999984 -0.10698600000000039 27.49133151056337 35.89676423239438 -0.04447499999999972 -0.2439469999999999 -0.14773399999999962 -0.23321599999999978 -0.17586600000000036 -0.032124999999999994 -0.002272000000000002 -0.07014800000000028 -0.07697199999999946 -0.05726399999999985 -0.0834800000000002 -0.12725599999999998 -0.038005000000000115 -0.24685999999999816 -0.3322190000000005 -0.19497300000000067 -0.028573999999999912 -0.06690299999999992 -0.043273999999999965 -0.04038400000000014 -0.4974290000000007 -0.23403100000000124 -0.21497999999999975 -0.3152380000000012 -0.29028400000000115 -0.052730000000000124 -0.05714299999999998 -0.014313000000000017 -0.022653000000000062 -0.1659560000000009 -0.1560140000000003 -0.12365400000000058 (Points: 284)
Centroid 26: -2.8643222122730125 0.1702498252974327 1.3773544953036942 -0.17847829054477155 0.5099399499060744 -1.1734763876017538 -0.8859867251095807 -1.1817960551033193 -0.13143097871008155 -0.9875337645585446 -0.9024619999999941 -0.23285899999999932 -0.8793640000000159 3.836225000000004 -0.07241600000000045 -0.11454900000000032 -0.09149099999999952 -0.1476489999999979 19.047693999999844 -0.10698599999999846 -0.013444000000000204 -0.017555000000000133 -0.044475000000000396 -0.24394700000000336 -0.147734000000003 -0.23321600000000162 -0.17586600000000038 -0.03212500000000077 -0.002271999999999974 -0.07014800000000003 -0.07697200000000104 -0.05726399999999981 -0.08347999999999842 -0.12725600000000165 -0.03800499999999963 -0.24686000000000347 -0.3322189999999932 -0.19497300000000084 -0.028574000000000602 -0.06690300000000086 -0.043273999999999965 -0.04038399999999949 -0.4974289999999885 -0.23403100000000204 -0.21497999999999837 -0.31523799999999663 -0.2902839999999948 -0.05273000000000013 -0.057143000000001026 -0.014313000000000124 -0.022652999999999597 -0.16595600000000135 -0.15601400000000135 -0.12365399999999792 (Points: 1597)
Centroid 27: -0.9085668817888819 -0.43553646921837275 -0.3444991135374663 0.009470195406931947 -0.1412702573730854 -0.6721072109589027 0.3274200447219963 -0.0811817501208705 -0.24124420330378743 -0.28970237767928964 -0.9024620000000227 -0.23285900000001472 1.040338649959723 -0.06391625479452466 -0.07241600000000369 -0.11454900000000011 -0.09149100000000814 -0.1476489999999962 -0.05249999999999921 -0.10698599999999807 -0.013443999999999385 -0.01755499999999912 -0.04447499999999659 -0.2439470000000054 6.768902999999583 -0.23321600000001894 -0.17586600000000047 -0.03212500000000144 -0.0022720000000000977 -0.07014799999999789 -0.07697200000000214 -0.05726400000000366 -0.08348000000000474 -0.12725599999999684 -0.038005000000001836 -0.24685999999999353 -0.3322190000000207 -0.194973000000001 -0.028574000000000422 -0.06690299999999899 -0.043274000000003955 -0.04038399999999953 -0.4974290000000278 -0.23403100000000432 -0.2149799999999991 -0.31523799999998886 -0.29028400000001175 -0.052729999999994934 -0.05714300000000197 -0.01431299999999893 -0.022653000000001457 -0.1659560000000061 -0.15601399999999155 -0.12365400000000284 (Points: 12410)
Centroid 28: -0.5900152572305931 -0.19739140341355346 -0.6124597862600931 -0.6326853916303614 -0.6211732468042643 0.22508522959365804 0.1839384523316421 0.16317420974076996 0.03139938256087974 1.0318211358994527 0.6368524884667999 -0.15461811704635325 -0.47945279718627254 -0.18372633328572843 -0.07241600000000298 -0.11454899999999592 -0.09149100000000865 -0.1476489999999964 -0.05249999999999838 -0.10698600000000241 -0.0134439999999995 -0.01755499999999908 -0.044474999999998335 -0.24394700000000524 -0.14773399999999165 -0.23321600000001586 -0.1758659999999927 -0.03212500000000134 -0.0022720000000001016 2.84042495293843 -0.07697200000000154 2.318727289223945 -0.0834800000000055 5.152840333642692 -0.03800500000000182 -0.24686000000000455 -0.3322190000000077 -0.1949729999999886 -0.02857399999999886 -0.06690300000000118 -0.04327400000000425 -0.04038399999999967 -0.4974290000000279 -0.2340309999999952 -0.21498000000001175 -0.3152379999999852 -0.2902840000000171 -0.052729999999994774 -0.057142999999999666 -0.014312999999998861 -0.022653000000001616 -0.1659560000000001 -0.15601399999999183 -0.12365399999999735 (Points: 14003)
Centroid 29: -1.44245491320865 -0.002187114260666293 -0.5223808308007002 -0.9280765762711825 -0.7040457898889523 -0.6733051855639979 0.061067966101694376 0.37240119842197583 0.21902052951490342 -0.28177777030976053 -0.9024619999999929 -0.23285899999999934 0.6698783497954437 0.6887250461718274 -0.072416 -0.11454900000000089 -0.09149099999999949 -0.14764899999999814 -0.052499999999999825 -0.10698599999999833 -0.013444000000000154 -0.017555000000000088 -0.04447500000000034 -0.24394700000000355 -0.1477340000000029 -0.23321600000000045 -0.17586600000000038 -0.032125000000000715 -0.002271999999999987 -0.07014799999999981 12.991814999999985 -0.057263999999999794 -0.08347999999999842 -0.12725600000000134 -0.038004999999999865 -0.24686000000000274 -0.3322189999999933 -0.1949730000000009 -0.028574000000000512 -0.0669030000000007 -0.043273999999999965 -0.040383999999999545 -0.4974289999999895 -0.23403100000000254 -0.21497999999999928 -0.3152379999999985 -0.2902839999999952 -0.05273000000000013 -0.05714300000000114 -0.01431300000000007 -0.022652999999999594 -0.16595600000000071 -0.15601400000000085 -0.12365399999999825 (Points: 3422)
Centroid 30: 1.4099225821325652 -0.31942765129683 -0.3124921195965417 0.0015614056195977523 0.06364340417867523 0.09055288328530257 0.468834525216138 0.11551551224783872 -0.27859251657060524 -0.44091808933717563 0.04776534293948153 -0.23285899999999934 0.18411861383285832 -0.2606730000000018 -0.07241599999999931 -0.11454900000000053 -0.09149099999999957 -0.1476489999999997 -0.05249999999999984 -0.10698599999999915 -0.013443999999999947 -0.017555000000000025 -0.044475000000000035 -0.2439470000000021 -0.14773400000000075 -0.23321599999999976 -0.17586600000000033 -0.0321250000000002 -0.0022720000000000127 -0.07014799999999981 -0.07697200000000003 -0.05726399999999983 -0.0834799999999994 -0.12725599999999987 -0.038005000000000295 -0.24685999999999927 -0.3322189999999973 -0.19497300000000073 -0.028574000000000033 -0.06690299999999996 -0.043273999999999965 -0.04038399999999992 -0.49742899999999773 -0.23403100000000035 -0.21498000000000153 -0.31523800000000257 -0.2902839999999991 -0.052730000000000124 17.500033999999836 -0.014312999999999923 -0.022652999999999823 -0.16595599999999938 -0.15601399999999963 -0.12365400000000003 (Points: 1388)
Centroid 31: -0.5098158557461266 -0.30100183475707304 -0.7263742692872662 0.06278646843299608 -0.19094974743059184 0.23247851184597096 0.39602796269353485 0.2512115702415906 -0.0891796571676456 1.1223178645221465 1.108079999999837 -0.23285900000005647 -0.8793639999997273 -0.2606729999999033 -0.07241600000000097 -0.11454899999997442 -0.09149100000002168 -0.14764900000004297 -0.05250000000001285 -0.10698599999998586 -0.013443999999999076 -0.017554999999998693 -0.044474999999994984 -0.24394700000000594 -0.14773399999999248 4.287866999999272 -0.17586599999993424 -0.03212500000000167 -0.0022720000000002105 -0.07014800000000826 -0.07697199999997256 -0.0572640000000136 -0.08348000000000129 -0.12725599999997103 -0.03800499999999947 -0.24685999999994673 -0.332218999999909 -0.1949729999999919 -0.028573999999991995 -0.0669029999999843 -0.04327400000000063 -0.04038400000000984 -0.49742900000006857 -0.23403100000004184 -0.2149800000000675 -0.3152379999999903 -0.29028399999995846 -0.052730000000007014 -0.05714299999998952 -0.01431300000000283 -0.022653000000004777 -0.16595599999994415 -0.15601399999998436 -0.12365399999997878 (Points: 29968)
Centroid 32: -2.005930130950572 0.10063095695817495 0.034328120608368345 -0.12072428517110174 0.4323793216730035 -1.0125422208365018 -0.052946826007605016 -0.09811238844106501 -0.0051988955133082 -0.816040292015209 -0.9024620000000393 -0.2328590000000125 -0.8793640000000246 3.836224999999776 -0.07241600000000303 -0.11454900000000011 -0.09149100000000168 -0.1476489999999964 -0.052500000000001316 9.347022999999803 -0.013443999999999526 -0.017554999999999515 -0.04447499999999977 -0.2439470000000053 -0.14773399999999465 -0.23321600000001588 -0.17586600000000044 -0.032125000000001354 -0.002272000000000052 -0.07014800000000214 -0.07697200000000205 -0.05726400000000292 -0.08347999999999843 -0.127255999999995 -0.03800500000000113 -0.24685999999999225 -0.3322190000000135 -0.194973000000001 -0.028574000000001196 -0.0669029999999971 -0.04327400000000075 -0.040384000000001766 -0.4974290000000103 -0.23403100000000465 -0.2149799999999955 -0.3152380000000087 -0.29028399999999077 -0.05272999999999782 -0.057143000000001755 -0.014312999999999512 -0.022652999999999864 -0.16595600000000502 -0.15601399999999443 -0.12365400000000357 (Points: 6575)
Centroid 33: -1.0229537191233717 -0.3286857180992693 0.5377457785211998 -0.14117498614050508 0.07912051027514307 -0.40735988489110414 -0.010179024510139478 -0.8271686918822942 -0.48567300204820096 -0.47902022434628067 -0.9024620000000159 -0.232859000000016 1.1371850000000256 -0.2606730000000046 -0.07241600000000376 -0.11454900000000051 -0.0914910000000092 -0.14764899999999612 -0.052499999999998624 -0.1069859999999981 -0.013443999999999349 -0.017554999999998974 -0.04447499999999613 4.099253999999996 -0.1477339999999896 -0.23321600000001946 -0.17586600000000047 -0.03212500000000146 -0.0022720000000001155 -0.0701479999999976 -0.0769720000000022 -0.057264000000003985 -0.08348000000000542 -0.12725599999999654 -0.03800500000000209 -0.24685999999999317 -0.33221900000002247 -0.19497299999999781 -0.02857400000000016 -0.06690299999999876 -0.04327400000000439 -0.04038399999999946 -0.49742900000003376 -0.2340310000000051 -0.21498000000000175 -0.31523799999998875 -0.29028400000001253 -0.05272999999999417 -0.05714300000000216 -0.01431299999999871 -0.022653000000001703 -0.16595600000000607 -0.1560139999999905 -0.12365400000000305 (Points: 14647)
Centroid 34: -0.2174374752860039 0.33574467737697716 1.013222470031206 -0.059246054190157355 0.42139733170945276 -0.3161880372762601 -0.4152552065247157 0.371823047512185 0.3235573074607252 -0.5285216300837484 -0.9024620000000259 -0.16966659702229006 1.1090378657835591 -0.26067300000000454 -0.07241600000000366 -0.11454900000000126 -0.0914910000000076 -0.1476489999999961 -0.052499999999999096 -0.10698599999999756 -0.013443999999999408 -0.017554999999999096 -0.044474999999996934 -0.24394700000000547 -0.1477339999999908 -0.23321600000001874 5.417242794624746 -0.03212500000000146 -0.002272000000000099 -0.07014799999999963 -0.0769720000000022 -0.057264000000004166 -0.08348000000000369 -0.1272559999999948 1.170680210684758 -0.24685999999999086 -0.3322190000000202 -0.19497300000000006 -0.0285740000000006 -0.0669029999999974 -0.04327400000000356 -0.040384000000000045 -0.49742900000002843 -0.2340310000000068 -0.21497999999999867 -0.31523799999999375 -0.2902840000000047 -0.052729999999994885 -0.05714300000000257 -0.014312999999998886 -0.022653000000001297 -0.165956000000006 -0.1560139999999915 -0.12365400000000419 (Points: 18269)
Centroid 35: 0.18477614744540194 -0.22896153916149772 -0.7367046903478272 -0.5056739499191194 -0.6189263986923852 0.35669713662712293 0.29366474052979274 0.2716527422485851 0.007496294115664756 0.09139836859665705 1.1080800000000197 -0.23285900000000107 -0.8793639999999172 -0.26067299999999544 -0.07241600000000409 -0.11454899999999145 -0.09149100000001088 -0.1476490000000057 -0.05249999999999827 -0.1069860000000071 -0.013443999999999318 -0.017554999999998884 0.8264014493799429 -0.24394700000000571 -0.14773399999998876 -0.2332160000000208 -0.1758659999999821 -0.03212500000000155 -0.002272000000000123 -0.07014799999999773 -0.07697199999999634 -0.05726399999999997 -0.0834800000000073 -0.12725600000000048 -0.03800500000000222 -0.24686000000000405 2.8808619180371604 -0.1949729999999783 -0.028573999999997834 -0.06690299999999957 -0.04327400000000532 -0.04038400000000216 -0.49742900000003704 -0.23403099999998977 -0.21498000000002063 -0.31523799999997965 -0.29028400000000754 -0.052729999999993525 -0.05714299999999779 -0.014312999999998653 -0.022653000000002095 -0.1659559999999909 -0.15601399999998988 -0.1236539999999947 (Points: 29672)
Centroid 36: 0.8896368991992472 0.48173881488459586 -0.3478631596796961 -0.07131008619877471 -0.21856888318417325 -0.9089008798869529 -0.05875278944889336 0.10568221573245509 0.17812056382477545 -0.4337523184173343 -0.9024619999999983 4.294442999999973 -0.87936400000002 -0.2606730000000036 -0.07241600000000017 -0.11454900000000015 -0.09149099999999948 -0.14764899999999767 -0.052500000000000095 -0.10698599999999865 -0.013444000000000136 -0.017555000000000126 -0.04447500000000048 -0.24394700000000433 -0.14773400000000367 -0.2332160000000025 -0.1758660000000004 -0.032125000000000896 -0.002271999999999981 -0.07014799999999982 -0.07697200000000132 -0.057263999999999794 -0.08347999999999804 -0.12725600000000176 -0.03800499999999979 -0.24686000000000405 -0.3322189999999918 5.128913999999922 -0.02857400000000069 -0.06690300000000093 -0.043273999999999965 -0.04038399999999942 -0.4974289999999867 -0.23403100000000138 -0.21497999999999876 -0.3152379999999981 -0.2902839999999938 -0.05273000000000013 -0.05714300000000097 -0.01431300000000011 -0.022652999999999493 -0.16595600000000055 -0.15601400000000096 -0.12365399999999761 (Points: 2123)
Centroid 37: 0.34505811692373534 -0.7157450604541507 -0.4514676041559633 0.45118981520994184 0.22080685282776413 -0.3047622262639245 0.5049933467437873 0.010403466066837801 -0.3412588348757499 -0.21464538508997233 -0.9024619999999703 -0.2328590000000071 1.1371850000000738 -0.26067300000000115 -0.0724160000000041 -0.11454899999999564 -0.09149100000001191 -0.1476490000000021 -0.05249999999999778 -0.10698600000000207 -0.0134439999999993 -0.01755499999999881 -0.04447499999999775 -0.2439470000000056 -0.14773399999998818 -0.23321600000002093 -0.1758659999999888 -0.032125000000001534 -0.0022720000000001303 -0.0701479999999967 -0.07697199999999851 -0.05726400000000189 -0.08348000000000827 -0.12725600000000092 -0.03800500000000233 -0.24686000000000363 -0.3322190000000051 -0.1949729999999866 -0.028573999999998663 -0.06690299999999999 -0.04327400000000583 -0.04038400000000054 -0.4974290000000404 -0.2340309999999951 -0.21498000000001255 3.17220599999995 -0.2902840000000141 -0.052729999999992984 -0.05714299999999991 -0.01431299999999847 -0.022653000000002362 -0.1659559999999967 -0.1560139999999894 -0.12365399999999775 (Points: 23340)
Centroid 38: -0.18969431060938116 -0.16055304932047404 0.0846543448049132 -0.5003350221394122 -0.2565171080666368 1.1587273347216125 0.7640236856641807 0.3608928174046478 -0.48334447632617344 2.187485471722937 1.1080799999999835 -0.2328590000000235 -0.8793640000000245 -0.2606730000000044 -0.07241600000000362 -0.11454900000000424 -0.09149100000000777 -0.1476489999999963 -0.05249999999999907 -0.10698599999999567 -0.01344399999999938 -0.01755499999999908 -0.04447499999999681 -0.2439470000000053 -0.14773399999999035 -0.2332160000000187 -0.17586600000000044 -0.0321250000000014 -0.0022720000000001034 -0.07014799999999964 -0.07697200000000205 -0.0572640000000057 -0.08348000000000401 -0.1272559999999916 -0.03800500000000191 -0.24685999999998234 -0.3322190000000212 -0.194973000000001 -0.028574000000001272 -0.06690299999999672 -0.04327400000000364 -0.04038400000000008 -0.49742900000003004 4.272931000000265 -0.21497999999999481 -0.3152379999999938 -0.2902840000000058 -0.052729999999994816 -0.05714300000000397 -0.014312999999998851 -0.022653000000001377 -0.16595600000000604 -0.15601399999999133 -0.12365400000000851 (Points: 4562)
Centroid 39: 0.2407979267705383 -0.48369084107648785 0.02254441572237952 -0.14031826869688313 -0.1332869998583567 1.3224057664305984 0.7478118859773374 -0.010261279886685131 -0.6274362521246458 -0.022305412747875564 1.1080800000000295 -0.23285900000001206 -0.8793640000000007 -0.2606730000000042 -0.07241600000000328 -0.11454900000000005 -0.09149100000000833 -0.1476489999999964 -0.05249999999999865 -0.10698599999999688 -0.013443999999999479 -0.017554999999999193 -0.044474999999996406 -0.24394700000000508 -0.14773399999999196 -0.2332160000000168 -0.1758660000000004 -0.032125000000001354 -0.0022720000000000865 -0.0701479999999969 -0.07697200000000198 -0.057264000000003194 -0.08348000000000522 -0.12725599999999915 -0.03800500000000159 -0.24685999999999786 -0.33221900000001703 -0.19497300000000098 -0.02857400000000014 -0.06690300000000017 -0.043274000000004094 -0.040383999999998886 -0.4974290000000265 4.272931000000227 -0.21497999999999906 -0.31523799999998475 -0.2902840000000147 -0.052729999999994934 -0.05714300000000186 -0.014312999999998922 -0.02265300000000155 -0.16595600000000552 -0.1560139999999927 -0.12365400000000064 (Points: 7060)
Centroid 40: 0.39703331111663764 -0.04353738846058209 -1.0031483755284751 -0.5179178729171836 -0.6664460798308867 0.8236459975130572 0.2048811206167615 0.4448924934095996 0.194928632429744 0.07384651081820416 0.47206671375278597 0.4393119261377796 -0.5408485622979488 -0.26067300000000276 -0.07241600000000044 -0.11454899999999898 -0.09149099999999952 -0.14764899999999845 -0.05250000000000064 -0.10698600000000023 -0.013443999999999911 -0.01755500000000023 -0.0444750000000003 -0.2439470000000033 -0.14773400000000245 -0.23321600000000392 -0.17586600000000038 -0.0321250000000006 -0.002271999999999975 -0.07014800000000042 -0.0769720000000008 -0.05726399999999981 11.97891499999979 -0.127256000000001 -0.0380049999999997 -0.24686000000000202 -0.33221899999999616 -0.19497300000000087 -0.02857400000000043 -0.06690300000000053 -0.043273999999999965 -0.04038399999999978 -0.4974289999999914 -0.23403099999999855 -0.2149799999999996 -0.31523799999999835 -0.29028399999999605 -0.05273000000000013 -0.05714300000000004 -0.014313000000000044 -0.02265299999999964 -0.16595600000000119 -0.1560140000000012 -0.12365399999999865 (Points: 4021)
Centroid 41: 1.3086526197906612 0.10668994400565118 -0.4351008347781382 0.2592921787067377 -0.05199522044564235 0.4807155580812946 0.09103563308289953 0.2588132244911071 0.1336893510563155 -0.118949474539265 0.06672433493864365 0.36979283625505854 -0.10332995665577348 -0.2606730000000044 -0.07241600000000287 -0.11454899999999889 -0.09149100000000061 -0.14764899999999634 -0.05250000000000161 -0.10698600000000086 -0.013443999999999618 -0.01755499999999971 -0.04447500000000027 -0.2439470000000053 -0.14773399999999656 -0.2332160000000147 -0.1758660000000004 -0.032125000000001354 -0.002272000000000027 -0.07014800000000193 -0.07697200000000205 -0.057264000000002 -0.08347999999999761 -0.12725599999999707 -0.03800500000000073 -0.24685999999999636 -0.33221900000000965 -0.19497300000000098 -0.0285740000000012 -0.06690299999999809 -0.04327400000000028 -0.04038400000000158 -0.49742900000000195 -0.23403100000000207 -0.21497999999999548 -0.31523800000000674 -0.29028399999999066 -0.052729999999998514 -0.057143000000001165 -0.014312999999999743 -0.022652999999999604 6.025688999999986 -0.156013999999996 -0.12365400000000147 (Points: 15573)
Centroid 42: 0.06337918188896588 1.3198509755508845 0.9961706744530113 0.23158605380362857 0.8240563390952271 -0.3500206771003665 -1.8125274569025922 -0.10130903472708874 1.3121355810947573 -0.4479242351475502 -0.9024620000000343 0.06571802982167589 1.0041929418359807 -0.26067300000000426 -0.0724160000000029 -0.11454899999999933 -0.0914910000000012 -0.14764899999999648 -0.0525000000000014 -0.10698600000000041 -0.01344399999999961 -0.017554999999999696 -0.044474999999999994 -0.24394700000000516 -0.14773399999999623 -0.23321600000001463 -0.17586600000000044 -0.03212500000000133 -0.002272000000000029 -0.070148000000002 -0.07697200000000198 -0.057264000000002244 -0.08347999999999815 -0.12725599999999673 -0.03800500000000075 -0.2468599999999954 -0.33039731036363246 -0.19497300000000098 -0.028574000000001175 -0.06690299999999795 -0.04327400000000049 -0.04038400000000141 -0.4974290000000039 -0.23403100000000288 -0.2149799999999955 -0.31360873394067346 3.4411201540137175 -0.05272999999999829 -0.05714300000000136 -0.014312999999999678 -0.022652999999999753 -0.16595600000000496 -0.15601399999999593 -0.12365400000000196 (Points: 12843)
Centroid 43: -1.9943411015965167 -0.029842528301887074 1.371695864814433 -0.45044499212108474 0.09687039270163743 -0.9289291606883691 0.43335255878083945 0.02953333174372863 -0.6618645971387099 -0.8344066703296698 -0.9024620000000131 -0.23285900000000043 0.11072267468377625 1.8247270808625375 -0.07241600000000094 -0.1145489999999984 10.93009300000003 -0.1476489999999973 -0.0525000000000014 -0.10698600000000098 -0.013443999999999892 -0.01755499999999994 -0.04447500000000055 -0.24394700000000463 -0.14773400000000084 -0.2332160000000068 -0.17586600000000044 -0.03212500000000103 -0.0022720000000000054 -0.07014800000000038 -0.07697200000000154 -0.057263999999999954 -0.08347999999999783 -0.12725600000000054 -0.03800500000000028 -0.24686000000000247 -0.3322189999999997 -0.19497300000000098 -0.028574000000000835 -0.06690300000000002 -0.043273999999999965 -0.04038400000000038 -0.49742899999999 -0.23403099999999924 -0.2149799999999979 -0.31523800000000257 -0.290283999999993 -0.052730000000000145 -0.0571430000000003 -0.014313000000000117 -0.022652999999999448 -0.165956000000002 -0.1560139999999986 -0.12365399999999843 (Points: 4823)
Centroid 44: 0.6427609564744282 -0.6574162656692026 -0.2743227253536592 -0.2643755038084853 -0.3499633138193701 0.2509137890642001 0.5093847057671405 -0.08075447127312299 -0.4229676008705119 -0.1912879150163217 0.6407766581066582 -0.23285900000000728 -0.41066447181717297 -0.2606730000000045 -0.0724160000000036 -0.11454899999999676 -0.09149100000000998 -0.14764899999999612 -0.052499999999998215 -0.1069860000000009 -0.0134439999999994 -0.017554999999998978 -0.044474999999996705 -0.24394700000000544 -0.14773399999999007 -0.2332160000000186 -0.17586599999999677 -0.03212500000000145 -0.0022720000000001125 -0.07014799999999559 -0.07697200000000219 -0.05726400000000192 -0.08348000000000654 -0.127256000000001 -0.03800500000000203 4.050881999999914 -0.33221900000001797 -0.19497299999999287 -0.028573999999999086 -0.06690300000000089 -0.04327400000000488 -0.04038399999999881 -0.49742900000003354 -0.23403099999999707 -0.21498000000000897 -0.31523799999998275 -0.2902840000000196 -0.052729999999994004 -0.057143000000000305 -0.014312999999998697 -0.022653000000001908 -0.16595600000000438 -0.15601399999999083 -0.12365399999999847 (Points: 18380)
Centroid 45: -1.3555179527968781 -0.029799181750604017 -0.2889257022858207 -0.0818300234157213 -0.053989804497305754 -0.6837587842408478 0.3637945415350303 0.5540008678684267 0.021754359784426684 -0.6120996788700976 -0.9024620000000156 -0.23285900000000365 1.1371849999999721 -0.260673000000004 -0.07241600000000183 8.729884999999973 -0.09149099999999945 -0.147648999999997 -0.05250000000000131 -0.10698600000000054 -0.01344399999999988 -0.017554999999999953 -0.044475000000000604 -0.2439470000000048 -0.1477339999999999 -0.23321600000000897 -0.17586600000000044 -0.03212500000000116 -0.002271999999999999 -0.07014800000000111 -0.07697200000000169 -0.05726400000000076 -0.0834799999999977 -0.12725599999999948 -0.038005000000000164 -0.24686000000000044 -0.3322190000000016 -0.194973000000001 -0.028574000000000987 -0.0669029999999995 -0.043273999999999965 -0.040384000000000614 -0.49742899999999396 -0.2340310000000013 -0.2149799999999967 -0.31523800000000163 -0.29028399999999216 -0.05272999999999966 -0.05714300000000094 -0.014312999999999984 -0.02265299999999942 -0.16595600000000343 -0.15601399999999885 -0.12365399999999944 (Points: 5381)
Centroid 46: 1.254442658350791 1.2979531140735103 0.7117481542563313 0.35267536012188233 0.36062953989716273 0.4180745741763469 -1.5610524431536823 0.01833648828794553 1.2031487674728616 -0.20328139097314776 0.1784292713768714 0.17236513635498416 -0.12743047457627893 -0.26067300000000326 -0.07241600000000081 -0.11454899999999897 -0.0914909999999995 -0.14764899999999784 -0.05250000000000064 -0.10698599999999998 -0.013444000000000025 -0.017555000000000254 -0.044475000000000396 -0.2439470000000038 -0.14773400000000333 -0.2332160000000044 -0.17586600000000044 -0.032125000000000854 -0.0022719999999999624 -0.07014800000000043 -0.07697200000000116 -0.057263999999999794 -0.08347999999999828 -0.1272560000000018 -0.03800499999999946 -0.246860000000004 -0.3322189999999938 -0.19497300000000092 -0.02857400000000069 -0.06690300000000092 -0.043273999999999965 -0.040383999999999566 -0.4974289999999871 -0.23403099999999985 -0.21497999999999798 -0.3152379999999956 -0.2902839999999944 -0.05273000000000014 -0.057143000000000485 -0.014313000000000143 -0.022652999999999562 -0.16595600000000207 6.409681999999983 -0.12365399999999767 (Points: 5251)
Centroid 47: 0.06534232680272131 -0.03490730312925159 0.07252701306122501 0.4989120688435366 0.3400554315646257 0.05295245986394555 0.2995780976870745 0.5702240462585024 0.02520735537414943 0.2025530345578228 -0.9024620000000203 -0.23285900000000026 1.1371849999999786 -0.2606730000000038 -0.0724160000000014 -0.11454899999999725 -0.09149099999999946 -0.14764899999999737 -0.05250000000000183 -0.10698600000000191 -0.013443999999999788 -0.017554999999999987 -0.044475000000000535 -0.24394700000000455 -0.14773399999999995 -0.23321600000000875 -0.17586600000000044 -0.03212500000000101 -0.0022720000000000036 -0.07014800000000092 -0.0769720000000015 -0.05726399999999988 -0.08347999999999788 -0.1272560000000002 -0.038005000000000316 -0.24686000000000202 -0.3322190000000022 -0.19497300000000092 -0.02857400000000082 10.510304682449345 6.798305549387814 -0.04038400000000064 -0.497428999999991 -0.23403099999999707 -0.21497999999999776 -0.3152380000000034 -0.2902839999999931 -0.05273000000000014 -0.057142999999999715 -0.014313000000000135 -0.022652999999999455 -0.16595600000000246 -0.15601399999999824 -0.12365399999999865 (Points: 3675)
Centroid 48: 0.8517166338255036 0.20733005369127522 -0.2670603567785229 2.265975004832217 2.496743652617448 -0.10634018362416105 -0.31532031409396033 0.36511937476510137 0.511635994899329 0.012808845906040346 -0.9024620000000075 0.284894195167788 0.9065675841610559 -0.26067300000000354 -0.07241600000000105 -0.11454899999999867 -0.09149099999999949 -0.14764899999999756 -0.05250000000000078 -0.10698600000000008 -0.013444000000000008 -0.017555000000000313 -0.04447500000000049 -0.24394700000000422 -0.1477340000000037 -0.23321600000000545 -0.17586600000000036 -0.032125000000000924 -0.002271999999999954 -0.07014800000000058 -0.07697200000000136 -0.05726399999999979 -0.08347999999999804 -0.1272560000000019 -0.03800499999999933 -0.2468600000000044 -0.33221899999999255 -0.1949730000000009 -0.02857400000000075 -0.06690300000000098 -0.04327399999999996 -0.040383999999999406 -0.49742899999998613 -0.2340309999999988 4.584974259328842 -0.26749044456375276 -0.2902839999999936 -0.052730000000000124 -0.05714300000000035 -0.014313000000000147 -0.022652999999999496 -0.1659560000000022 -0.15601400000000262 -0.12365399999999742 (Points: 3725)
Centroid 49: -2.327359281454 1.4200810004029176 1.3529871395180135 -0.3980785024582876 0.410066702748448 -1.019272059401946 -2.213268240025783 -0.6595070721366935 1.2768351440315977 -0.9094953718868363 -0.902461999999926 -0.23285899999999804 -0.8705872089948247 3.8183937360361426 -0.07241600000000403 -0.11454899999999098 -0.09149100000001276 -0.14764900000000605 -0.05249999999999746 -0.10698600000000723 -0.013443999999999295 -0.017554999999998728 -0.04447499999999959 4.099253999999728 -0.14773399999998768 -0.2332160000000209 -0.17586599999998004 -0.03212500000000154 -0.002272000000000141 -0.07014799999999626 -0.07697199999999593 -0.05726399999999954 -0.08348000000000916 -0.12725600000000528 -0.038005000000002495 -0.24686000000001146 -0.33221899999999144 -0.19497299999997542 -0.02857399999999731 -0.06690300000000107 -0.043274000000006266 -0.04038400000000182 -0.497429000000043 -0.23403099999998625 -0.2149800000000243 -0.3152379999999752 -0.2902840000000127 -0.05272999999999262 -0.05714299999999754 -0.01431299999999839 -0.02265300000000257 -0.16595599999998933 -0.1560139999999888 -0.12365399999999391 (Points: 12407)
