Starting K-Means clustering on 494021 points with 4 MPI processes...
------------------------------------------------
Convergence reached in 65 iterations.
Execution Time (Core Loop): 3674.98 ms
------------------------------------------------
Centroid 0: -0.067792 -0.003033 -0.0262853 -0.006673 22.2066 -0.002571 -0.044136 -0.009782 -0.417192 -0.005679 -0.010552 -0.004676 -0.00564 -0.011232 -0.009919 -0.027632 0 0 -0.037263 -1.27579 -0.986149 -0.277843 -0.46352 -0.241017 -0.248631 0.349997 -0.138738 -0.203633 0.107851 -1.22572 -1.22923 1.57256 -0.733624 -0.158629 -0.410162 -0.463202 0.700875 -0.249464 (Points: 970)
Centroid 1: -0.065025 -0.00257381 -0.0221438 -0.006673 0.0785801 -0.002571 -0.0439044 0.0602431 -0.373356 -0.005679 -0.010552 -0.004676 -0.00564 -0.011232 -0.009919 -0.0226671 0 0 -0.037263 -1.55371 -1.18297 -0.462187 -0.460154 3.67722 3.62302 0.536609 -0.254979 1.33507 -3.32951 0.100268 0.536625 -0.122792 -0.527117 5.15615 -0.462752 -0.461333 3.58428 3.38782 (Points: 5521)
Centroid 2: -0.067792 -0.003062 -0.026287 -0.006673 -0.04772 -0.002571 -0.044136 -0.009782 -0.417192 -0.005679 -0.010552 -0.004676 -0.00564 -0.011232 -0.009919 -0.027632 0 0 -0.037263 -0.292186 -1.1296 2.16228 2.16087 -0.24796 -0.248598 -1.8987 0.416822 -0.203048 0.346625 -1.64304 -1.69765 0.281929 -1.25059 -0.158629 2.16297 2.16203 -0.252031 -0.249464 (Points: 23522)
Centroid 3: 0.489954 0.339197 -0.00840611 0.0653034 -0.04772 -0.002571 -0.0336959 0.114012 0.243773 -0.00380939 -0.010552 -0.004676 0.0344509 0.028621 -0.009919 0.0513623 0 0 -0.037263 -1.5414 -1.18251 -0.288855 -0.285259 -0.196595 -0.215569 -0.917252 9.16932 0.393153 -0.280884 -1.37026 -1.34741 2.81239 -0.321508 0.0882914 -0.289404 -0.285135 -0.229044 -0.219014 (Points: 2082)
Centroid 4: -0.0636598 -0.00294944 -0.0231737 -0.006673 -0.04772 -0.002571 -0.044136 -0.009782 -0.417192 -0.005679 -0.010552 -0.004676 -0.00564 -0.011232 -0.009919 -0.027632 0 0 -0.037263 -1.48757 -1.10142 -0.46336 -0.462771 -0.239887 -0.24051 0.522961 -0.219721 0.076079 0.321824 0.453754 0.439285 -0.199275 -1.20042 -0.157707 -0.464314 -0.463043 -0.250783 -0.248558 (Points: 11075)
Centroid 5: -0.0609683 0.000889414 0.0311595 0.348794 -0.0125273 -0.002571 0.00829075 -0.009782 1.68875 0.00468497 -0.010552 0.00981927 0.00681891 0.056718 -0.009919 0.161239 0 0 -0.037263 -1.55321 -1.16789 -0.451561 -0.449631 -0.228375 -0.17582 0.534912 -0.253182 6.29791 -1.95187 -0.207164 0.0450575 0.0883016 -0.858154 1.40546 -0.443153 -0.454436 -0.218426 -0.228634 (Points: 8853)
Centroid 6: -0.067792 -0.00202717 -0.026287 -0.006673 -0.04772 -0.002571 -0.044136 -0.009782 -0.417192 -0.005679 -0.010552 -0.004676 -0.00564 -0.011232 -0.009919 -0.027632 0 0 -0.037263 0.831552 0.87942 -0.46409 -0.46352 -0.24796 -0.248631 0.536987 -0.255243 -0.203633 0.347967 0.625122 0.598957 -0.282602 0.826673 -0.158629 -0.464418 -0.463202 -0.252002 -0.249464 (Points: 34520)
Centroid 7: -0.067792 -0.002535 -0.026287 -0.006673 -0.04772 -0.002571 -0.044136 -0.009782 -0.417192 -0.005679 -0.010552 -0.004676 -0.00564 -0.011232 -0.009919 -0.027632 0 0 -0.037263 0.838455 0.885398 -0.46409 -0.46352 -0.24796 -0.248631 0.536987 -0.255243 -0.203633 0.347967 0.625558 0.599396 -0.282867 0.827048 -0.158629 -0.464418 -0.463202 -0.25204 -0.249464 (Points: 33368)
Centroid 8: -0.067792 -0.00252176 -0.0262867 -0.006673 -0.04772 -0.002571 -0.044136 -0.009782 -0.417192 -0.005679 -0.010552 -0.004676 -0.00564 -0.011232 -0.009919 -0.027632 0 0 -0.037263 0.526066 0.615215 -0.46409 -0.46352 -0.24796 -0.248631 0.536776 -0.255061 -0.203633 0.346605 0.623863 0.598516 -0.282489 0.826732 -0.158629 -0.464418 -0.463202 -0.251853 -0.249464 (Points: 11372)
Centroid 9: 23.1838 -0.00274159 0.0513429 -0.006673 -0.04772 -0.002571 0.0200155 -0.009782 -0.237046 0.289675 0.153427 0.217342 0.245359 3.73911 -0.009919 0.209488 0 0 -0.037263 -1.55081 -1.18374 -0.46409 -0.46352 0.450436 0.451916 0.289409 0.911553 -0.193306 0.0885262 -1.74989 -1.76567 5.85632 0.586103 -0.11346 -0.436598 -0.439221 0.31766 0.405696 (Points: 578)
Centroid 10: -0.0519191 0.00174342 -0.00518268 -0.006673 0.175978 -0.002571 -0.0413375 0.146917 -0.415139 -0.00473238 -0.010552 0.0889475 -0.00479421 -0.00870969 -0.009919 -0.027632 0 0 -0.037263 -1.52748 -1.15345 -0.446945 -0.446555 -0.228263 -0.229157 0.466014 -0.0553783 -0.00345805 -1.71805 -1.2445 -0.63997 0.178278 -0.39043 0.460475 -0.435415 -0.454736 -0.199054 -0.243325 (Points: 4112)
Centroid 11: -0.065877 0.000627732 0.21754 -0.006673 -0.04772 -0.002571 0.0935269 -0.009782 2.39543 0.0234813 -0.010552 -0.004676 -0.00223792 -0.00873382 -0.009919 0.340213 0 0 -0.037263 -1.50736 -1.13319 -0.460004 -0.458711 -0.237196 -0.225492 0.536607 -0.253146 0.237987 0.147425 0.54074 0.529714 -0.259121 -1.23702 -0.0862954 -0.461253 -0.460984 -0.235418 -0.232694 (Points: 29062)
Centroid 12: 3.93066 0.00304083 -0.0203218 -0.006673 -0.0342417 0.121081 -0.0391993 0.00485228 -0.339855 -0.00492123 -0.010552 -0.004676 0.000791964 -0.00416517 -0.009919 -0.0214065 0 0 -0.037263 -1.55164 -1.18393 -0.400861 -0.400931 -0.241096 -0.241783 0.438994 0.134838 -0.184159 0.223873 -1.75494 -1.81011 6.7011 0.677926 -0.148495 -0.396323 -0.400067 -0.185871 -0.242605 (Points: 4403)
Centroid 13: 0.668141 -0.00201099 0.254928 -0.006673 -0.04772 0.923347 19.9357 0.401154 2.39698 1.70723 6.51764 2.12319 1.69908 0.769295 6.24031 1.09119 0 0 23.443 -1.55105 -1.18227 -0.460472 -0.460172 -0.236781 -0.240225 0.497755 0.0527523 -0.111551 -1.0407 -1.30197 -1.05875 0.222743 -1.12662 -0.00726129 -0.434926 -0.45617 -0.194069 -0.230786 (Points: 784)
Centroid 14: -0.0670194 -0.00272997 0.122052 -0.006673 -0.04772 -0.002571 -0.0376039 -0.009782 2.39557 -0.00484462 -0.010552 -0.004676 -0.00558675 -0.011232 -0.009919 -0.027632 0 0 -0.037263 -1.52062 -1.14191 -0.45942 -0.458047 -0.244206 -0.243183 0.53698 -0.255169 0.359227 -2.89508 0.577164 0.595717 -0.274719 -1.0577 0.690066 -0.459969 -0.460688 -0.216139 -0.188055 (Points: 27991)
Centroid 15: -0.0605577 -0.00306149 -0.0261472 -0.006673 -0.04772 -0.002571 -0.0433195 -0.009782 -0.415395 -0.005679 -0.010552 -0.004676 -0.00564 -0.011232 -0.009919 -0.027632 0 0 -0.037263 0.47716 -1.185 -0.181384 -0.175254 3.58156 3.57761 -1.8995 11.8918 -0.203633 0.339672 -1.76964 -1.834 8.62639 -1.05058 -0.158629 -0.175965 -0.174863 3.47277 3.61014 (Points: 1566)
Centroid 16: -0.067777 -0.00306196 -0.0262435 -0.006673 -0.04772 -0.002571 -0.0441019 -0.009782 -0.416817 -0.00554568 -0.010552 -0.004676 -0.00564 -0.011232 -0.009919 -0.027632 0 0 -0.037263 -1.00398 -1.14577 2.16177 2.16043 -0.247249 -0.248089 -1.77765 0.571188 -0.203006 0.340509 -1.67679 -1.7306 0.305841 -1.24983 -0.157206 2.16187 2.1606 -0.251777 -0.248928 (Points: 37539)
Centroid 17: -0.067792 -0.00253278 -0.026287 -0.006673 -0.04772 -0.002571 -0.044136 -0.009782 -0.417192 -0.005679 -0.010552 -0.004676 -0.00564 -0.011232 -0.009919 -0.027632 0 0 -0.037263 0.682321 0.750292 -0.46409 -0.46352 -0.24796 -0.248631 0.536987 -0.255243 -0.203633 0.346949 0.62489 0.599349 -0.282843 0.827008 -0.158629 -0.464418 -0.463202 -0.251989 -0.249464 (Points: 7708)
Centroid 18: -0.067792 -0.003062 -0.026287 -0.006673 -0.04772 -0.002571 -0.044136 -0.009782 -0.417192 -0.005679 -0.010552 -0.004676 -0.00564 -0.011232 -0.009919 -0.027632 0 0 -0.037263 -0.519835 -1.15456 2.16197 2.16056 -0.247764 -0.248532 -1.94071 0.51478 -0.202581 0.345437 -1.69718 -1.75189 0.358275 -1.25035 -0.158629 2.16254 2.16203 -0.251847 -0.249464 (Points: 25572)
Centroid 19: -0.067448 -0.00210412 -0.026047 -0.006673 -0.04772 -0.002571 -0.044136 -0.009782 -0.392721 -0.005679 -0.010552 -0.004676 -0.00564 -0.011232 -0.009919 -0.027632 0 0 -0.037263 0.729528 0.775644 -0.46409 -0.46352 -0.24796 -0.248631 0.514586 -0.249954 -0.203022 -0.10894 -0.912906 -0.772118 0.336324 -0.405642 -0.150374 -0.397246 -0.463202 -0.034827 -0.249464 (Points: 115)
Centroid 20: -0.0187545 0.0380379 0.0685073 -0.006673 -0.04772 -0.002571 0.119959 -0.009782 2.39698 0.0331474 -0.010552 -0.004676 0.115962 0.233597 -0.009919 -0.020821 0 0 -0.037263 -1.54267 -1.17383 -0.458327 -0.45858 -0.234899 -0.233057 0.529754 -0.238195 -0.147358 -2.24283 -1.01772 -0.320591 0.275327 -0.816169 0.58015 -0.452147 -0.455492 -0.188786 -0.212506 (Points: 8049)
Centroid 21: -0.0660772 -0.00304932 -0.0262049 -0.006673 -0.04772 -0.002571 -0.0406482 0.136193 -0.415501 -0.00565329 -0.010552 -0.004676 -0.00564 -0.011232 -0.009919 -0.027632 0 0 -0.037263 -0.739202 -1.14881 -0.464015 -0.463459 4.06915 4.05868 -1.75484 0.518921 -0.198467 0.292296 -1.67029 -1.70014 0.576317 -1.18257 -0.155941 -0.463615 -0.462612 4.06119 4.09121 (Points: 21629)
Centroid 22: -0.067792 -0.002017 -0.026287 -0.006673 -0.04772 -0.002571 -0.044136 -0.009782 -0.417192 -0.005679 -0.010552 -0.004676 -0.00564 -0.011232 -0.009919 -0.027632 0 0 -0.037263 0.838455 0.885387 -0.46409 -0.46352 -0.24796 -0.248631 0.536987 -0.255243 -0.203633 0.347967 0.625558 0.599396 -0.282867 0.827048 -0.158629 -0.464418 -0.463202 -0.25204 -0.249464 (Points: 193630)
