Starting K-Means clustering on 581012 points...
------------------------------------------------
Convergence reached in 29 iterations.
Execution Time (Core Loop): 394.7682 ms
------------------------------------------------
Centroid 0: 0.1694081818025011 0.07767182055031345 0.048335987286906454 0.1350247756271079 0.10921390613026855 -0.34185976039652777 -0.078699692941148 0.03920744303232037 0.08528330449035831 -0.25667328416982405 -0.9016420560434799 0.2553900681019279 0.9188869065933243 -0.26067300000014065 -0.07241600000000659 0.07207638519203172 0.010810017312849633 0.15515305011507868 -0.05249999999997098 -0.10698600000008013 -0.01344400000001589 -0.017554999999997215 -0.04447500000000515 9.234090149359498e-06 0.1726933880861046 -0.2332160000000273 -0.17586599999990338 -0.03212499999996447 -0.0022720000000002404 -0.04531796931138636 0.05775776288654558 -0.05245475737313372 -0.025772659982015007 -0.04875216654831648 0.04858458607604027 -0.015467884068599419 0.05079986852832111 0.19045676943919923 0.036528343221673074 0.08552545750215225 -0.04327400000002854 -0.04038400000001665 -0.4967209612720566 -0.23403100000012012 0.27482148048935323 0.4029884097754168 0.37108833588046836 0.06740814883941244 0.027884483285137027 -0.014313000000008166 -0.011222178794789364 -0.1659560000000175 0.025730648562952943 0.0180791176448817 (Points: 255013)
Centroid 1: 0.20043560694649226 -0.1380716724008977 -0.1913424335217379 -0.12387597933350282 -0.19679883533112003 0.5272676178533239 0.20397646967462849 0.0021743364491418494 -0.1372197282927726 0.34625258668775494 1.1075934978999837 -0.23176350339897975 -0.8793639999996399 -0.2606730000001165 -0.07241600000000006 -0.11454900000009542 -0.09149099999995096 -0.1476490000000036 -0.05249999999997613 -0.10698600000006805 -0.013444000000013466 0.028150007828291447 0.07131769863736269 -0.24394699999972058 -0.14773400000006015 -0.23321600000002718 -0.1758659999999076 -0.03212499999996981 -0.002272000000000238 0.06722737459149909 -0.07697200000005036 0.08632873998390589 0.0679195079605775 0.11435076671311918 -0.03800499999996894 0.13143096268640345 0.09504073319956641 -0.12779311000027593 -0.028574000000021648 -0.06690299999996628 -0.043274000000026534 -0.0403840000000156 0.7968349858527742 0.3752771897088569 -0.21497999999985795 -0.3152380000000433 -0.2902840000000118 -0.05272999999996955 -0.0055327056770620615 -0.014313000000008604 0.023262742376675492 -0.16595600000002417 0.04249001236744684 0.03632057562400829 (Points: 223163)
Centroid 2: -0.5086516549075653 -0.30130868320255244 -0.7274699266525054 0.06373607321452406 -0.1924583660726153 0.2367971839340358 0.39558859562441334 0.25120524208671324 -0.08875001087245658 1.1256770771046583 1.1080799999998359 -0.23285900000005688 -0.8793639999997268 -0.2606729999999029 -0.07241600000000098 -0.1145489999999744 -0.09149100000002171 -0.14764900000004239 -0.05250000000001299 -0.10698599999998566 0.24627658269047026 -0.01755499999999869 -0.04447499999999486 -0.24394700000000596 -0.14773399999999326 4.272083195138259 -0.17586599999993408 -0.03212500000000167 -0.002272000000000211 -0.07014800000000836 -0.07697199999997248 -0.057264000000013714 -0.08348000000000097 -0.12725599999997086 -0.03800499999999929 -0.2468599999999464 -0.3322189999999087 -0.19497299999999237 -0.02857399999999198 -0.06690299999998421 -0.04327400000000048 -0.040384000000009884 -0.4974290000000687 -0.2340310000000423 -0.21498000000006767 -0.3152379999999917 -0.2902839999999582 -0.05273000000000715 -0.0571429999999895 -0.014313000000002862 -0.022653000000004787 -0.165955999999944 -0.15601399999998436 -0.12365399999997875 (Points: 30076)
Centroid 3: -0.23840514763532808 0.3091217046153847 1.0881038010256483 0.004356246039886873 0.4776106157834753 -0.3068571801139598 -0.4107483520227935 0.35740019754986374 0.2979630795441598 -0.5248978888888881 -0.9024620000000422 -0.16707768888890362 1.1078847153845919 -0.26067300000000454 -0.07241600000000359 -0.11454900000000294 -0.09149100000000679 -0.14764899999999612 -0.05249999999999935 -0.10698599999999614 -0.013443999999999427 -0.017554999999999148 -0.04447499999999734 -0.24394700000000544 -0.1477339999999913 -0.23321600000001835 5.646384972592559 -0.03212500000000145 -0.002272000000000093 -0.07014800000000061 -0.07697200000000218 -0.05726400000000492 -0.08348000000000283 -0.12725599999999324 -0.03800500000000173 -0.24685999999998776 -0.3322190000000193 -0.19497300000000103 -0.028574000000001133 -0.06690299999999662 -0.043274000000003136 -0.04038400000000039 -0.4974290000000261 -0.2340310000000101 -0.21497999999999476 -0.3152379999999967 -0.29028400000000076 -0.052729999999995246 -0.057143000000003386 0.45952882142444024 -0.022653000000001092 -0.1659560000000059 -0.1560139999999919 -0.12365400000000576 (Points: 17550)
Centroid 4: -2.3674403734875886 0.3204747424544784 0.9909839918893961 -0.39219398537428685 0.29040676109559715 -1.0381750390373718 -0.7833149856933991 -0.7638638469618494 0.07511967206488475 -0.906469204414318 -0.9024619999999203 -0.23285900000006265 -0.845205198962655 3.76682667461772 1.0464438177371878 0.38970486241179775 0.6283337654302745 0.08018043135220491 0.7586423964371326 1.5459885825027084 -0.013444000000001672 -0.01755500000000413 -0.04447499999998935 1.8707720615610008 -0.03811252274962208 -0.2332160000000253 -0.17586599999993768 0.46422079957450996 0.03283621156764053 0.03004271197978972 0.19861763145854328 -0.057264000000015296 -0.08347999999998708 -0.12725600000000786 -0.0380049999999899 -0.24685999999994226 -0.3322189999999146 -0.19497299999998946 -0.02857399999999259 -0.06690300000000546 -0.04327399999999454 -0.040384000000009516 -0.497428999999922 -0.2340309999999877 -0.21498000000002102 -0.3152380000000603 -0.29028399999995824 -0.052729999999999264 -0.05714300000000431 -0.01431299999999958 -0.02265300000000463 -0.16595599999994712 -0.15601399999998458 -0.12365400000001643 (Points: 37605)
Centroid 5: 0.09796610629921322 0.4573328336614174 1.3126413252952769 0.9491107824803148 1.654784911909447 -0.3297834360236222 -1.033851602362205 0.18865761318897623 0.6925158262795265 -0.25564642322834674 -0.9024620000000009 -0.23285899999999934 1.1371850000000145 -0.26067300000000293 -0.07241599999999915 -0.11454900000000098 -0.09149099999999949 -0.14764899999999895 -0.052499999999999825 -0.10698599999999847 -0.01344400000000002 -0.017554999999999984 -0.04447500000000022 -0.24394700000000338 -0.14773400000000209 -0.23321599999999978 -0.17586600000000038 -0.03212500000000043 -0.0022720000000000145 -0.07014799999999939 -0.0769720000000006 -0.0572639999999998 -0.08347999999999874 -0.12725600000000029 -0.038005000000000295 -0.24686000000000047 -0.33221899999999455 -0.1949730000000009 -0.028574000000000217 -0.06690300000000023 12.330153580708778 11.506592093503691 -0.4974289999999943 -0.234031000000001 -0.21498000000000123 -0.3152380000000021 -0.29028399999999693 -0.05273000000000013 -0.057143000000000624 -0.014312999999999933 -0.022652999999999656 -0.1659559999999994 -0.1560139999999997 -0.12365399999999943 (Points: 2032)
Centroid 6: 1.3086526197906612 0.10668994400565118 -0.4351008347781382 0.25929217870673765 -0.05199522044564234 0.4807155580812946 0.09103563308289954 0.2588132244911071 0.1336893510563155 -0.11894947453926501 0.06672433493864367 0.36979283625505854 -0.10332995665577345 -0.2606730000000044 -0.07241600000000287 -0.1145489999999989 -0.09149100000000061 -0.14764899999999637 -0.052500000000001615 -0.10698600000000086 -0.013443999999999618 -0.01755499999999971 -0.044475000000000264 -0.2439470000000053 -0.14773399999999656 -0.2332160000000147 -0.1758660000000004 -0.032125000000001354 -0.002272000000000027 -0.07014800000000193 -0.07697200000000205 -0.057264000000002 -0.08347999999999761 -0.12725599999999707 -0.038005000000000726 -0.2468599999999964 -0.3322190000000097 -0.19497300000000095 -0.0285740000000012 -0.0669029999999981 -0.043274000000000284 -0.04038400000000158 -0.4974290000000019 -0.23403100000000204 -0.21497999999999548 -0.31523800000000674 -0.29028399999999066 -0.05272999999999852 -0.05714300000000115 -0.014312999999999743 -0.022652999999999604 6.025688999999986 -0.156013999999996 -0.12365400000000146 (Points: 15573)
