Starting K-Means clustering on 494021 points...
------------------------------------------------
Convergence reached in 76 iterations.
Execution Time (Core Loop): 6071.91 ms
------------------------------------------------
Centroid 0: 0.442488 -0.00209935 0.063157 -0.006673 -0.04772 0.317782 13.6978 -0.009782 2.39698 1.12806 0.90964 1.24121 1.13495 0.611256 0.310449 11.9239 0 0 16.2103 -1.54964 -1.17906 -0.460033 -0.458933 -0.242244 -0.203502 0.510135 -0.0435158 0.274499 -0.782295 -0.773226 -0.602651 0.169107 -1.19847 -0.0985073 -0.443338 -0.458591 -0.218242 -0.238035 (Points: 1133)
Centroid 1: 3.9037 0.00305995 -0.0205862 -0.006673 -0.0342018 0.0387684 -0.0391847 0.00489561 -0.340908 -0.00504566 -0.010552 -0.004676 0.000584659 -0.00178166 -0.009919 -0.027632 0 0 -0.037263 -1.55164 -1.18393 -0.400674 -0.400746 -0.241076 -0.241762 0.440211 0.129897 -0.182773 0.223414 -1.75476 -1.8098 6.70615 0.678606 -0.147762 -0.396121 -0.39988 -0.185675 -0.242585 (Points: 4390)
Centroid 2: -0.0518919 0.00175644 -0.0192629 -0.006673 0.187317 -0.002571 -0.0422662 0.0373309 -0.417192 -0.005679 -0.010552 -0.004676 -0.00564 -0.011232 -0.009919 -0.027632 0 0 -0.037263 -1.5271 -1.15283 -0.44904 -0.448756 -0.219802 -0.220715 0.465958 -0.0558886 0.00505969 -1.71663 -1.23497 -0.63157 0.174828 -0.388269 0.414457 -0.437644 -0.456957 -0.19805 -0.244794 (Points: 4103)
Centroid 3: -0.0677771 0.0153321 -0.0262442 -0.006673 -0.04772 -0.002571 -0.044069 -0.009782 -0.416823 -0.0055478 -0.010552 -0.004676 -0.00564 -0.011232 -0.009919 -0.027632 0 0 -0.037263 -0.999852 -1.14591 2.16166 2.16042 -0.247109 -0.248061 -1.77983 0.571529 -0.203016 0.340512 -1.67713 -1.73094 0.306852 -1.24968 -0.157229 2.16173 2.1606 -0.251669 -0.248899 (Points: 38145)
Centroid 4: -0.0605577 -0.00306149 -0.0261472 -0.006673 -0.04772 -0.002571 -0.0433195 -0.009782 -0.415395 -0.005679 -0.010552 -0.004676 -0.00564 -0.011232 -0.009919 -0.027632 0 0 -0.037263 0.47716 -1.185 -0.181384 -0.175254 3.58156 3.57761 -1.8995 11.8918 -0.203633 0.339672 -1.76964 -1.834 8.62639 -1.05058 -0.158629 -0.175965 -0.174863 3.47277 3.61014 (Points: 1566)
Centroid 5: -0.067792 -0.003062 -0.026287 149.848 -0.04772 -0.002571 -0.044136 -0.009782 -0.417192 -0.005679 -0.010552 -0.004676 -0.00564 -0.011232 -0.009919 -0.027632 0 0 -0.037263 -1.53741 -1.18174 2.08254 2.16104 -0.116477 -0.248631 0.342611 0.341931 5.54213 -3.54701 -1.73632 0.29731 -0.0498926 0.569228 12.4854 1.89673 1.16802 -0.226414 -0.249464 (Points: 22)
Centroid 6: -0.0666309 -0.00274928 0.256244 -0.006673 -0.04772 0.00394299 -0.0360128 -0.009782 2.39375 -0.0039026 0.11192 -0.004676 -0.00440949 -0.0034141 0.146424 -0.027632 0 0 -0.037263 -1.5207 -1.14199 -0.45939 -0.458159 -0.244261 -0.243662 0.53687 -0.254837 0.350888 -2.90309 0.570829 0.591998 -0.274555 -1.05347 0.693707 -0.45982 -0.460532 -0.215776 -0.187758 (Points: 27860)
Centroid 7: -0.0649334 -0.00302746 -0.0193182 -0.006673 0.0728164 0.0915413 -0.0293276 0.73648 -0.349574 -0.00298755 0.0713665 -0.004676 -0.00357878 -0.00585339 -0.009919 -0.0228937 0 0 -0.037263 -1.55368 -1.16857 -0.460535 -0.458797 3.03545 2.98761 0.53607 -0.249734 2.16911 -3.39151 0.0504386 0.525885 -0.125905 -0.295432 6.53482 -0.459817 -0.458537 2.98001 2.85409 (Points: 5785)
Centroid 8: -0.067792 -0.00202783 -0.026287 -0.006673 -0.04772 -0.002571 -0.044136 -0.009782 -0.417192 -0.005679 -0.010552 -0.004676 -0.00564 -0.011232 -0.009919 -0.027632 0 0 -0.037263 0.831442 0.879325 -0.46409 -0.46352 -0.24796 -0.248631 0.536987 -0.255243 -0.203633 0.347967 0.625123 0.598957 -0.282602 0.826674 -0.158629 -0.464418 -0.463202 -0.252002 -0.249464 (Points: 34569)
Centroid 9: -0.0172183 0.0386288 0.0586611 -0.006673 -0.04772 -0.002571 0.121526 -0.00172363 2.39698 0.0340306 -0.010552 0.0434706 0.11652 0.23522 -0.009919 -0.027632 0 0 -0.037263 -1.54235 -1.17382 -0.458371 -0.458603 -0.234273 -0.232275 0.529384 -0.238082 -0.149119 -2.24479 -1.01213 -0.319081 0.277047 -0.821292 0.536485 -0.452243 -0.455473 -0.187852 -0.212685 (Points: 7996)
Centroid 10: -0.067792 -0.002017 -0.026287 -0.006673 -0.04772 -0.002571 -0.044136 -0.009782 -0.417192 -0.005679 -0.010552 -0.004676 -0.00564 -0.011232 -0.009919 -0.027632 0 0 -0.037263 0.838455 0.881338 -0.46409 -0.46352 -0.24796 -0.248631 0.536987 -0.255243 -0.203633 0.347967 0.625558 0.599396 -0.282867 0.827048 -0.158629 -0.464418 -0.463202 -0.25204 -0.249464 (Points: 548)
Centroid 11: -0.0661571 0.000631178 0.0949537 -0.006673 -0.04772 -0.002571 0.0937804 -0.009782 2.39698 0.0235473 -0.010552 -0.004676 -0.00239098 -0.00978892 -0.009919 -0.027632 0 0 -0.037263 -1.50675 -1.13258 -0.46002 -0.458774 -0.237178 -0.226794 0.536615 -0.253246 0.228124 0.149339 0.546878 0.532722 -0.261667 -1.23848 -0.0845998 -0.46124 -0.461049 -0.235362 -0.232529 (Points: 28749)
Centroid 12: -0.0603649 0.0013944 0.0373707 -0.006673 -0.0149488 -0.002571 0.020822 -0.009782 1.90694 0.00721804 -0.010552 0.0110715 0.00874882 0.0600427 0.0123522 -0.027632 0 0 -0.037263 -1.55302 -1.17642 -0.457195 -0.454525 -0.220241 -0.162378 0.535046 -0.253123 6.19567 -1.76762 -0.213434 0.000193879 0.11629 -1.03345 0.325089 -0.44769 -0.457732 -0.211291 -0.228055 (Points: 8149)
Centroid 13: -0.067792 -0.00253301 -0.0262869 -0.006673 -0.04772 -0.002571 -0.044136 -0.009782 -0.417192 -0.005679 -0.010552 -0.004676 -0.00564 -0.011232 -0.009919 -0.027632 0 0 -0.037263 0.675545 0.744429 -0.46409 -0.46352 -0.24796 -0.248631 0.536987 -0.255243 -0.203633 0.346908 0.624869 0.599352 -0.282845 0.827011 -0.158629 -0.464418 -0.463202 -0.251993 -0.249464 (Points: 8317)
Centroid 14: -0.067792 -0.003062 -0.026287 -0.006673 -0.04772 -0.002571 -0.044136 -0.009782 -0.417192 -0.005679 -0.010552 -0.004676 -0.00564 -0.011232 -0.009919 -0.027632 0 0 -0.037263 -0.406617 -1.14245 2.16219 2.1607 -0.247957 -0.248563 -1.92065 0.466369 -0.202794 0.346072 -1.67091 -1.72558 0.321104 -1.25058 -0.158629 2.16282 2.16203 -0.252017 -0.249464 (Points: 48489)
Centroid 15: 0.496332 0.00219688 -0.00839474 -0.006673 -0.04772 -0.002571 -0.0324452 -0.009782 0.240983 -0.0035382 0.035059 -0.004676 0.0345281 0.0286977 -0.009919 -0.00124986 0 0 -0.037263 -1.54151 -1.18251 -0.290566 -0.287025 -0.197286 -0.216189 -0.916927 9.17107 0.390923 -0.278839 -1.37117 -1.34835 2.81826 -0.319129 0.0827132 -0.289927 -0.287029 -0.228937 -0.219416 (Points: 2078)
Centroid 16: 22.9962 -0.00275177 0.24723 -0.006673 -0.04772 -0.002571 0.0188174 0.318408 -0.24041 0.300208 0.311281 0.64894 0.248263 3.17601 -0.009919 0.0189063 0 0 -0.037263 -1.55078 -1.18375 -0.46409 -0.46352 0.437393 0.438833 0.287603 0.912481 -0.193499 0.0995337 -1.75019 -1.76775 5.84531 0.586864 -0.114303 -0.437117 -0.439669 0.31269 0.39346 (Points: 589)
Centroid 17: -0.067792 -0.00209333 -0.026287 -0.006673 -0.04772 -0.002571 -0.044136 -0.009782 -0.417192 -0.005679 -0.010552 -0.004676 -0.00564 -0.011232 -0.009919 -0.027632 0 0 -0.037263 0.838455 0.885398 -0.46409 -0.46352 -0.24796 -0.248631 0.536987 -0.255243 -0.203633 0.347967 0.625558 0.599396 -0.282867 0.827048 -0.158629 -0.464418 -0.463202 -0.25204 -0.249464 (Points: 226450)
Centroid 18: -0.067792 -0.00252109 -0.0262867 -0.006673 -0.04772 -0.002571 -0.044136 -0.009782 -0.417192 -0.005679 -0.010552 -0.004676 -0.00564 -0.011232 -0.009919 -0.027632 0 0 -0.037263 0.521402 0.611187 -0.46409 -0.46352 -0.24796 -0.248631 0.536763 -0.25505 -0.203633 0.34661 0.623813 0.598462 -0.282465 0.826713 -0.158629 -0.464418 -0.463202 -0.251842 -0.249464 (Points: 10714)
Centroid 19: -0.066127 -0.00304995 -0.026219 -0.006673 -0.04772 -0.002571 -0.0437334 -0.009782 -0.41542 -0.00565398 -0.010552 -0.004676 -0.00564 -0.011232 -0.009919 -0.027632 0 0 -0.037263 -0.761202 -1.14977 -0.464017 -0.463461 4.06914 4.05802 -1.69298 0.498025 -0.183326 0.203764 -1.61865 -1.63851 0.553509 -1.17564 -0.116603 -0.46404 -0.463005 4.05479 4.07069 (Points: 22229)
Centroid 20: -0.0636649 -0.00294976 -0.0231723 -0.006673 -0.04772 -0.002571 -0.044136 -0.009782 -0.417192 -0.005679 -0.010552 -0.004676 -0.00564 -0.011232 -0.009919 -0.027632 0 0 -0.037263 -1.48758 -1.10149 -0.463358 -0.46277 -0.239873 -0.240496 0.522939 -0.219671 0.0726216 0.322863 0.454855 0.439912 -0.199313 -1.20096 -0.157749 -0.464313 -0.463043 -0.2508 -0.248556 (Points: 11056)
Centroid 21: -0.067792 -0.003033 -0.0262853 -0.006673 22.2066 -0.002571 -0.044136 -0.009782 -0.417192 -0.005679 -0.010552 -0.004676 -0.00564 -0.011232 -0.009919 -0.027632 0 0 -0.037263 -1.27579 -0.986149 -0.277843 -0.46352 -0.241017 -0.248631 0.349997 -0.138738 -0.203633 0.107851 -1.22572 -1.22923 1.57256 -0.733624 -0.158629 -0.410162 -0.463202 0.700875 -0.249464 (Points: 970)
Centroid 22: -0.067792 -0.0021029 -0.0261721 -0.006673 -0.04772 -0.002571 -0.044136 -0.009782 -0.417192 -0.005679 -0.010552 -0.004676 -0.00564 -0.011232 -0.009919 -0.027632 0 0 -0.037263 0.728573 0.792843 -0.46409 -0.46352 -0.24796 -0.248631 0.536987 -0.249908 -0.203017 -0.110916 -0.909608 -0.766211 0.340953 -0.39823 -0.158629 -0.396657 -0.463202 -0.0648764 -0.249464 (Points: 114)
