Starting K-Means clustering on 4898431 points...
------------------------------------------------
Convergence reached in 73 iterations.
Execution Time (Core Loop): 45089.7 ms
------------------------------------------------
Centroid 0: -0.0645467 -0.00190269 0.000173852 0.852144 0.14491 0.029236 -0.0221646 -0.004391 -0.222276 -0.000204964 -0.008258 -0.004546 -0.0016545 -0.009572 -0.008505 -0.028756 0 -0.000639 -0.0213333 -1.57526 -1.13481 -0.45785 -0.457382 0.138689 0.133701 0.532251 -0.207319 4.14834 -3.47393 -0.49247 0.262669 0.30974 0.492264 15.0618 -0.457945 -0.458693 0.131118 0.141864 (Points: 13705)
Centroid 1: -0.0668312 -0.00194868 -0.00169368 -0.002391 -0.015139 -0.001103 -0.0264811 -0.004391 -0.409208 -0.00209077 -0.008258 -0.004546 -0.003285 -0.009572 -0.008505 -0.028756 0 -0.000639 -0.028911 -1.02255 -1.15685 2.15184 2.14993 -0.247575 -0.247774 -1.76713 0.565818 -0.20057 0.336501 -1.68363 -1.72839 0.309709 -1.25723 -0.155132 2.1514 2.14993 -0.250602 -0.249342 (Points: 374406)
Centroid 2: 3.30966 -0.000679555 6.151 -0.002391 -0.015139 10.692 2.16272 2.84125 2.43433 26.6523 120.021 55.066 28.2999 4.26755 4.40641 15.8482 0 -0.000639 -0.028911 -1.5338 -1.15646 -0.383909 -0.379667 -0.145691 -0.151709 0.530205 -0.16637 0.0655734 -1.3185 -0.338563 -0.0555053 0.111549 -1.0702 1.08034 -0.361649 -0.344563 -0.144829 -0.159318 (Points: 337)
Centroid 3: 3.64436 -0.000715028 -0.00129442 -0.002391 -0.0111681 0.00774146 -0.0229832 -0.004391 -0.338871 -0.00110969 -0.008258 -0.00191422 0.000787666 -0.00648887 -0.008505 -0.0233649 0 -0.000639 -0.0222838 -1.57305 -1.19531 -0.40771 -0.407911 0.103173 0.103235 0.447605 0.110548 -0.190952 0.228189 -1.76486 -1.81179 6.94246 0.690301 -0.139485 -0.405295 -0.407621 0.154249 0.103908 (Points: 47012)
Centroid 4: -0.066833 -0.001949 -0.001696 -0.002391 -0.015139 -0.001103 -0.026521 -0.004391 -0.409368 -0.002097 -0.008258 -0.004546 -0.003285 -0.009572 -0.008505 -0.028756 0 -0.000639 -0.028911 -0.344237 -1.13417 2.15199 2.15026 -0.248286 -0.248127 -1.86876 0.357808 -0.201028 0.342581 -1.63281 -1.67824 0.20019 -1.25792 -0.156668 2.15242 2.15113 -0.250825 -0.249632 (Points: 124529)
Centroid 5: -0.066833 -0.000932879 -0.001696 -0.002391 -0.015139 -0.001103 -0.026521 -0.004391 -0.409368 -0.002097 -0.008258 -0.004546 -0.003285 -0.009572 -0.008505 -0.028756 0 -0.000639 -0.028911 0.83035 0.87698 -0.466043 -0.465756 -0.248286 -0.24813 0.539733 -0.256057 -0.201059 0.343933 0.621132 0.598967 -0.282939 0.821119 -0.156668 -0.466405 -0.465454 -0.250832 -0.249632 (Points: 2267984)
Centroid 6: -0.066833 -0.00137874 -0.00169598 -0.002391 -0.015139 -0.001103 -0.026521 -0.004391 -0.409368 -0.002097 -0.008258 -0.004546 -0.003285 -0.009572 -0.008505 -0.028756 0 -0.000639 -0.028911 0.505243 0.596795 -0.466043 -0.465756 -0.248286 -0.24813 0.539539 -0.255871 -0.201059 0.342433 0.619364 0.598098 -0.28256 0.820806 -0.156668 -0.466405 -0.465454 -0.250728 -0.249632 (Points: 107498)
Centroid 7: 0.525768 0.000815223 -0.000920028 -0.002391 -0.015139 -0.001103 0.190321 -0.004391 0.264801 -0.00154482 -0.008258 -0.004546 0.0114592 0.0117671 0.0185743 0.0658593 0 -0.000639 0.256128 -1.56197 -1.19383 -0.313794 -0.310572 -0.198544 -0.208723 -0.913565 9.11934 0.395489 -0.31643 -1.35829 -1.31989 2.87602 -0.318752 0.0574501 -0.312506 -0.309973 -0.224584 -0.211798 (Points: 21132)
Centroid 8: -0.062439 7.94311e-05 0.00136007 -0.002391 -0.0148467 -0.001103 -0.00186972 -0.004391 1.94194 -0.00145717 -0.008258 0.00165281 0.00291713 0.0531629 -0.00277099 0.186052 0 -0.000639 -0.0189383 -1.57418 -1.18773 -0.460682 -0.457336 -0.172208 -0.15017 0.537336 -0.252863 6.31249 -1.82128 -0.204201 0.000588341 0.114871 -1.05277 0.358347 -0.451572 -0.460862 -0.168901 -0.191496 (Points: 79838)
Centroid 9: 22.9339 0.814083 0.212653 -0.002391 -0.015139 -0.001103 0.165072 0.0892185 -0.223739 0.0233727 -0.008258 0.0377243 0.0147166 4.21886 -0.008505 0.264685 0 -0.000639 0.107099 -1.57194 -1.19492 -0.462939 -0.463669 0.430814 0.434054 0.321899 0.77971 -0.198203 0.0859086 -1.75858 -1.77617 5.84137 0.575479 -0.112948 -0.446153 -0.447982 0.319127 0.413707 (Points: 5854)
Centroid 10: -0.066833 -0.00194897 -0.001696 -0.002391 -0.015139 -0.001103 -0.026521 -0.004391 -0.409349 -0.002097 -0.008258 -0.004546 -0.003285 -0.009572 -0.008505 -0.028756 0 -0.000639 -0.028911 -0.310466 -1.1507 2.15261 2.15001 -0.248286 -0.248092 -1.91262 0.476433 -0.200359 0.34171 -1.67498 -1.72058 0.376156 -1.25787 -0.156668 2.1523 2.15111 -0.25082 -0.249632 (Points: 153701)
Centroid 11: -0.0629142 -0.00194596 -0.00168986 -0.002391 -0.015139 -0.001103 -0.0259956 -0.004391 -0.407776 -0.00209101 -0.008258 -0.004546 -0.003285 -0.009572 -0.008505 -0.028756 0 -0.000639 -0.0287777 -0.894683 -1.16549 -0.466018 -0.465576 4.05615 4.04125 -1.36024 0.379523 0.0720085 -0.381589 -1.32061 -1.27687 0.300634 -1.11639 0.537832 -0.466024 -0.465212 4.03802 4.01448 (Points: 259724)
Centroid 12: -0.066833 -0.00194899 -0.001696 -0.002391 -0.015139 -0.001103 -0.026511 -0.004391 -0.409355 -0.002097 -0.008258 -0.004546 -0.003285 -0.009572 -0.008505 -0.028756 0 -0.000639 -0.028911 -0.557786 -1.16772 2.15207 2.14983 -0.248132 -0.248035 -1.93515 0.513983 -0.200063 0.341639 -1.7082 -1.75395 0.361988 -1.25772 -0.156668 2.152 2.15111 -0.250671 -0.249632 (Points: 213810)
Centroid 13: -0.0273356 0.00460961 0.000915184 -0.002391 -0.015139 -0.001103 -0.0243705 -0.004391 -0.396339 -0.002097 -0.008258 -0.004546 -0.003285 -0.00909428 -0.008505 -0.028756 0 -0.000639 -0.028911 -1.54522 -1.17097 -0.462695 -0.462588 -0.242539 -0.242604 0.345471 0.245759 -0.0525197 -0.198533 -1.45952 -1.44857 0.360867 -0.786969 0.0789552 -0.444423 -0.461208 -0.199139 -0.247099 (Points: 16856)
Centroid 14: -0.066833 -0.00139388 -0.001696 -0.002391 -0.015139 -0.001103 -0.026521 -0.004391 -0.409368 -0.002097 -0.008258 -0.004546 -0.003285 -0.009572 -0.008505 -0.028756 0 -0.000639 -0.028911 0.666698 0.735957 -0.466043 -0.465756 -0.248286 -0.24813 0.539733 -0.256057 -0.201059 0.342833 0.620449 0.598949 -0.28293 0.821104 -0.156668 -0.466405 -0.465454 -0.250811 -0.249632 (Points: 83529)
Centroid 15: -0.0660335 -0.001925 -0.00169226 -0.002391 -0.015139 -0.001103 -0.0259869 -0.004391 -0.404903 -0.00183721 -0.008258 -0.004546 -0.00291929 -0.009572 -0.008505 -0.028756 0 0.195353 -0.028911 0.448122 -1.19614 -0.188582 -0.17996 3.57538 3.57087 -1.88508 11.7381 -0.200168 0.336834 -1.77683 -1.83241 8.62467 -1.02268 -0.156395 -0.183867 -0.179555 3.47637 3.59663 (Points: 15970)
Centroid 16: -0.0647734 -0.00112451 0.00391538 -0.002391 -0.015139 -0.001103 0.406222 -0.004391 2.44275 -0.00043649 -0.008258 -0.00362845 -0.00289801 -0.00798949 0.136631 0.395086 0 -0.000639 0.466053 -1.526 -1.14174 -0.462307 -0.461181 -0.245044 -0.238956 0.539449 -0.254401 0.246024 0.139264 0.539586 0.53175 -0.254261 -1.24957 -0.0859773 -0.464699 -0.464052 -0.242703 -0.24119 (Points: 269686)
Centroid 17: -0.0589596 0.0110122 0.0093567 -0.002391 -0.015139 0.00280014 0.00182194 -0.004391 2.44279 0.00477453 -0.008258 0.0250704 0.0706143 0.192593 -0.008505 -0.0283595 0 -0.000639 -0.028911 -1.56445 -1.18618 -0.460728 -0.460527 -0.245983 -0.245108 0.533059 -0.238577 -0.166523 -1.86962 -0.938908 -0.554138 0.345982 -0.956832 0.259303 -0.448149 -0.45565 -0.201095 -0.233912 (Points: 71019)
Centroid 18: -0.062069 -0.00185067 -0.00154151 -0.002391 0.631754 -0.001103 -0.026521 -0.004391 -0.409368 -0.002097 -0.008258 -0.004546 -0.003285 -0.009572 -0.008505 -0.028756 0 -0.000639 -0.028911 -1.5068 -1.1115 -0.463447 -0.464883 -0.24179 -0.241717 0.528032 -0.227675 0.0758359 0.305444 0.440124 0.434497 -0.182751 -1.20849 -0.154262 -0.465541 -0.465433 -0.241172 -0.248883 (Points: 110922)
Centroid 19: -0.0651211 -0.000759437 0.00586353 -0.002391 -0.015139 -0.001103 -0.0190187 -0.004391 2.44279 -0.00202689 -0.008258 -0.004546 -0.00318025 -0.00906956 -0.008505 -0.028756 0 -0.000639 -0.028911 -1.54175 -1.15339 -0.46194 -0.460876 -0.24486 -0.243683 0.539676 -0.255805 0.351023 -2.93345 0.536182 0.593744 -0.270666 -1.05485 0.730585 -0.462311 -0.462768 -0.212957 -0.185945 (Points: 288483)
Centroid 20: -0.0509182 0.00181237 0.00368538 -0.002391 -0.015139 0.0276233 -0.0184776 0.824726 -0.406767 -0.00032345 -0.008258 0.0159689 -0.00176924 -0.00322991 -0.008505 -0.0264213 0 -0.000639 -0.026041 -1.54855 -1.16067 -0.443594 -0.445494 -0.203661 -0.205079 0.532912 -0.235364 0.01015 -2.70931 -1.09441 -0.101896 0.12449 -0.101543 0.754347 -0.45006 -0.458799 -0.188805 -0.226935 (Points: 24124)
Centroid 21: -0.066827 -0.000970507 -0.0016849 -0.002391 -0.015139 -0.001103 -0.026521 -0.004391 -0.409368 -0.002097 -0.008258 -0.004546 -0.003285 -0.009572 -0.008505 -0.028756 0 -0.000639 -0.028911 0.667194 0.741486 -0.466043 -0.465756 -0.248286 -0.24813 0.539733 -0.247466 -0.199826 -0.133137 -0.908797 -0.769438 0.327876 -0.460959 -0.156668 -0.39662 -0.465454 -0.0403692 -0.249632 (Points: 1154)
Centroid 22: -0.066833 -0.000864159 -0.001696 -0.002391 -0.015139 -0.001103 -0.026521 -0.004391 -0.409368 -0.002097 -0.008258 -0.004546 -0.003285 -0.009572 -0.008505 -0.028756 0 -0.000639 -0.028911 0.823316 0.870922 -0.466043 -0.465756 -0.248286 -0.24813 0.539733 -0.256057 -0.201059 0.343933 0.620658 0.598488 -0.282647 0.82071 -0.156668 -0.466405 -0.465454 -0.250759 -0.249632 (Points: 347158)
