Starting K-Means clustering on 494021 points...
------------------------------------------------
Convergence reached in 41 iterations.
Execution Time (Core Loop): 8182.5 ms
------------------------------------------------
Centroid 0: -0.061179 -0.00160337 -0.0229933 -0.006673 -0.00133011 -0.002571 -0.0439522 0.0226392 -0.417192 -0.005679 -0.010552 -0.004676 -0.00564 -0.011232 -0.009919 -0.027632 0 0 -0.037263 -1.49326 -1.10971 -0.462829 -0.462245 -0.238954 -0.239593 0.50636 -0.172376 0.0465649 0.0301338 0.107028 0.169103 -0.142526 -1.07193 -0.100982 -0.459591 -0.462793 -0.24064 -0.248443 (Points: 13912)
Centroid 1: -0.067792 -0.00252476 -0.026287 -0.006673 -0.04772 -0.002571 -0.044136 -0.009782 -0.417192 -0.005679 -0.010552 -0.004676 -0.00564 -0.011232 -0.009919 -0.027632 0 0 -0.037263 0.686481 0.753892 -0.46409 -0.46352 -0.24796 -0.248631 0.536987 -0.255243 -0.203633 0.339103 0.60093 0.578902 -0.273402 0.809557 -0.158629 -0.463414 -0.463202 -0.24936 -0.249464 (Points: 7639)
Centroid 2: -0.067792 -0.003062 -0.026287 -0.006673 -0.04772 -0.002571 -0.044136 -0.009782 -0.417192 -0.005679 -0.010552 -0.004676 -0.00564 -0.011232 -0.009919 -0.027632 0 0 -0.037263 -0.29503 -1.13916 2.16254 2.16072 -0.24796 -0.248581 -1.92142 0.480626 -0.202381 0.345631 -1.66703 -1.72166 0.371304 -1.25055 -0.158629 2.16284 2.16203 -0.252029 -0.249464 (Points: 15373)
Centroid 3: -0.067792 -0.003033 -0.0262853 -0.006673 22.2066 -0.002571 -0.044136 -0.009782 -0.417192 -0.005679 -0.010552 -0.004676 -0.00564 -0.011232 -0.009919 -0.027632 0 0 -0.037263 -1.27579 -0.986149 -0.277843 -0.46352 -0.241017 -0.248631 0.349997 -0.138738 -0.203633 0.107851 -1.22572 -1.22923 1.57256 -0.733624 -0.158629 -0.410162 -0.463202 0.700875 -0.249464 (Points: 970)
Centroid 4: 23.5767 -0.00269481 0.342961 -0.006673 -0.04772 2.32409 0.501496 0.698292 -0.0615549 2.66775 1.37816 3.99084 2.61415 4.41481 -0.009919 1.37806 0 0 1.09478 -1.55098 -1.18374 -0.46409 -0.46352 0.48346 0.485084 0.305755 0.859627 -0.166977 0.0529253 -1.7262 -1.73329 5.48308 0.46513 -0.101249 -0.414323 -0.431132 0.354544 0.432713 (Points: 546)
Centroid 5: -0.067792 -0.002017 -0.026287 -0.006673 -0.04772 -0.002571 -0.044136 -0.009782 -0.417192 -0.005679 -0.010552 -0.004676 -0.00564 -0.011232 -0.009919 -0.027632 0 0 -0.037263 0.838455 0.881338 -0.46409 -0.46352 -0.24796 -0.248631 0.536987 -0.255243 -0.203633 0.347967 0.625558 0.599396 -0.282867 0.827048 -0.158629 -0.464418 -0.463202 -0.25204 -0.249464 (Points: 548)
Centroid 6: -0.0660588 -0.00305116 -0.0261528 -0.006673 -0.04772 -0.002571 -0.0409701 0.116839 -0.415201 -0.00559158 -0.010552 -0.004676 -0.00564 -0.011232 -0.009919 -0.027632 0 0 -0.037263 -0.861557 -1.15408 -0.463923 -0.463197 4.06801 4.05115 -1.41076 0.401645 -0.18619 -0.249312 -1.37943 -1.35524 0.446691 -1.09847 0.398278 -0.463568 -0.46252 4.04405 4.03576 (Points: 25444)
Centroid 7: -0.0246004 0.000653216 0.0054321 -0.006673 -0.04772 -0.002571 0.50742 -0.009782 2.39698 0.703042 12.9984 2.51153 0.988042 4.66622 96.0721 2.12225 0 0 -0.037263 -1.52565 -1.15959 -0.45997 -0.46352 -0.24796 -0.248631 0.476879 -0.0739659 0.115827 -1.61629 -1.20061 -0.860283 0.0850305 -0.416702 0.385867 -0.445871 -0.442612 -0.189965 -0.240944 (Points: 51)
Centroid 8: -0.0628442 0.00101788 0.0918997 -0.006673 -0.04772 -0.002571 0.578921 -0.009782 2.39698 0.0238583 0.014279 -0.004676 0.00472441 0.010506 -0.009919 0.32874 0 0 0.524221 -1.50955 -1.13594 -0.460044 -0.458885 -0.237215 -0.226472 0.535593 -0.251694 0.207701 0.111562 0.440256 0.43713 -0.228553 -1.22677 -0.0856054 -0.4597 -0.460767 -0.233085 -0.233286 (Points: 30536)
Centroid 9: -0.0604596 0.442993 -0.0261416 -0.006673 -0.04772 -0.002571 -0.0425103 0.15407 -0.415403 -0.005679 -0.010552 -0.004676 -0.00564 -0.011232 -0.009919 -0.027632 0 0 -0.037263 0.472376 -1.185 -0.180488 -0.175419 3.57881 3.57518 -1.89922 11.869 -0.203633 0.339709 -1.76945 -1.8338 8.60472 -1.04457 -0.158629 -0.176314 -0.174861 3.47012 3.60777 (Points: 1573)
Centroid 10: -0.067792 -0.00252179 -0.0262866 -0.006673 -0.04772 -0.002571 -0.044136 -0.009782 -0.417192 -0.005679 -0.010552 -0.004676 -0.00564 -0.011232 -0.009919 -0.027632 0 0 -0.037263 0.528063 0.616974 -0.46409 -0.46352 -0.24796 -0.248631 0.536931 -0.25519 -0.203633 0.347036 0.624515 0.598904 -0.282669 0.826685 -0.158629 -0.464418 -0.463202 -0.251856 -0.249464 (Points: 11567)
Centroid 11: -0.0612579 0.000788785 0.0288195 -0.006673 0.00835042 -0.002571 0.0112275 -0.009782 1.61663 0.00488887 -0.000317712 -0.004676 0.00621637 0.0537244 -0.009919 0.155878 0 0 -0.0285575 -1.55321 -1.1769 -0.457927 -0.455758 0.277969 0.321248 0.535084 -0.253115 6.27089 -1.96516 -0.171008 0.0626921 0.0776816 -0.976382 0.692644 -0.44939 -0.458309 0.278579 0.24131 (Points: 9261)
Centroid 12: -0.067792 -0.00202719 -0.026287 -0.006673 -0.04772 -0.002571 -0.044136 -0.009782 -0.417192 -0.005679 -0.010552 -0.004676 -0.00564 -0.011232 -0.009919 -0.027632 0 0 -0.037263 0.831546 0.879415 -0.46409 -0.46352 -0.24796 -0.248631 0.536987 -0.255243 -0.203633 0.347967 0.62555 0.599388 -0.282851 0.827041 -0.158629 -0.464418 -0.463202 -0.25204 -0.249464 (Points: 34482)
Centroid 13: -0.067792 -0.003062 -0.026287 -0.006673 -0.04772 -0.002571 -0.044136 -0.009782 -0.417192 -0.005679 -0.010552 -0.004676 -0.00564 -0.011232 -0.009919 -0.027632 0 0 -0.037263 -0.330007 -1.12307 2.16175 2.16104 -0.24796 -0.248631 -1.87816 0.362052 -0.203633 0.346649 -1.6257 -1.6801 0.196501 -1.2506 -0.158629 2.16299 2.16203 -0.252033 -0.249464 (Points: 12281)
Centroid 14: -0.067792 -0.002535 -0.026287 -0.006673 -0.04772 -0.002571 -0.044136 -0.009782 -0.417192 -0.005679 -0.010552 -0.004676 -0.00564 -0.011232 -0.009919 -0.027632 0 0 -0.037263 0.838455 0.885398 -0.46409 -0.46352 -0.24796 -0.248631 0.536987 -0.255243 -0.203633 0.347967 0.625558 0.599396 -0.282867 0.827048 -0.158629 -0.464418 -0.463202 -0.25204 -0.249464 (Points: 33368)
Centroid 15: -0.0592461 -0.00293803 -0.0113672 2.20447 0.419955 -0.002571 -0.034703 0.249513 -0.196362 -0.00306833 0.307288 -0.004676 -0.00164128 0.00268047 -0.009919 -0.00924767 0 0 -0.037263 -1.55369 -1.12723 -0.42211 -0.41902 0.0985578 0.090836 0.52783 -0.207351 4.03513 -3.46895 -0.581246 0.314894 0.334302 0.543281 14.5025 -0.425279 -0.433798 0.0876549 0.0991995 (Points: 1491)
Centroid 16: 4.02065 0.00285909 -0.0204323 -0.006673 -0.0265719 -0.002571 -0.0250691 0.00434842 -0.312278 -0.00506927 -0.010552 -0.004676 0.00220486 0.0115131 -0.009919 -0.027632 0 0 -0.0195829 -1.55144 -1.18376 -0.403038 -0.403086 -0.239439 -0.240129 0.437752 0.139575 -0.185091 0.198617 -1.75053 -1.80386 6.65279 0.654383 -0.141609 -0.398028 -0.4022 -0.174721 -0.240697 (Points: 4560)
Centroid 17: 0.479642 0.00216185 -0.00826685 -0.006673 -0.04772 -0.002571 0.124198 -0.009782 0.260938 -0.00356465 0.0344954 -0.004676 0.0340317 0.0380634 -0.009919 0.0505364 0 0 0.192646 -1.54138 -1.18251 -0.290001 -0.286711 -0.196886 -0.21659 -0.917142 9.16276 0.383576 -0.290121 -1.3714 -1.34724 2.7862 -0.329347 0.0533341 -0.289411 -0.28671 -0.228604 -0.219787 (Points: 2104)
Centroid 18: -0.067792 -0.002535 -0.026287 -0.006673 -0.04772 -0.002571 -0.044136 -0.009782 -0.417192 -0.005679 -0.010552 -0.004676 -0.00564 -0.011232 -0.009919 -0.027632 0 0 -0.037263 0.838455 0.885398 -0.46409 -0.46352 -0.24796 -0.248631 0.536987 -0.255243 -0.203633 0.347967 0.625558 0.599396 -0.282867 0.827048 -0.158629 -0.464418 -0.463202 -0.25204 -0.249464 (Points: 0)
Centroid 19: -0.067792 -0.002017 -0.026287 -0.006673 -0.04772 -0.002571 -0.044136 -0.009782 -0.417192 -0.005679 -0.010552 -0.004676 -0.00564 -0.011232 -0.009919 -0.027632 0 0 -0.037263 0.838455 0.885398 -0.46409 -0.46352 -0.24796 -0.248631 0.536987 -0.255243 -0.203633 0.347967 0.625545 0.599383 -0.282856 0.827037 -0.158629 -0.464418 -0.463202 -0.252038 -0.249464 (Points: 193097)
Centroid 20: -0.067792 -0.003062 -0.026287 -0.006673 -0.04772 -0.002571 -0.044136 -0.009782 -0.417192 -0.005679 -0.010552 -0.004676 -0.00564 -0.011232 -0.009919 -0.027632 0 0 -0.037263 -0.54105 -1.15625 2.16203 2.16052 -0.247727 -0.248513 -1.9441 0.519363 -0.202638 0.345738 -1.70032 -1.75511 0.357762 -1.25032 -0.158629 2.16254 2.16203 -0.251812 -0.249464 (Points: 21532)
Centroid 21: -0.0677747 -0.00306095 -0.0262087 -0.006673 -0.04772 -0.002571 -0.0440677 -0.00806158 -0.416666 -0.00554537 -0.010552 -0.004676 -0.00564 -0.011232 -0.009919 -0.027632 0 0 -0.037263 -1.00461 -1.14572 2.16175 2.16036 -0.247248 -0.248081 -1.77688 0.570873 -0.202857 0.339906 -1.67671 -1.73029 0.305754 -1.24965 -0.156848 2.16167 2.16043 -0.251727 -0.248923 (Points: 37453)
Centroid 22: -0.0564563 0.00592714 0.208987 -0.006673 -0.0469011 -0.002571 -0.00560102 -0.009782 2.3065 0.00236291 0.054844 -0.004676 0.0151617 0.0274119 -0.009919 -0.027632 0 0 -0.037263 -1.52549 -1.14869 -0.458157 -0.457041 -0.241395 -0.240524 0.536119 -0.252547 0.249195 -2.82431 0.22272 0.426936 -0.160946 -0.974761 0.690644 -0.458501 -0.459443 -0.210919 -0.192307 (Points: 36233)
