Starting K-Means clustering on 581012 points...
------------------------------------------------
Convergence reached in 98 iterations.
Execution Time (Core Loop): 28308 ms
------------------------------------------------
Centroid 0: 0.22315 -0.68376 -0.59649 -0.183849 -0.38361 0.430758 0.538032 0.140825 -0.278009 -0.101044 1.10808 -0.232859 -0.879364 -0.260673 -0.072416 -0.114549 -0.091491 -0.147649 -0.0525 -0.106986 -0.013444 -0.017555 -0.044475 -0.243947 -0.147734 -0.233216 -0.175866 -0.032125 -0.002272 -0.070148 -0.076972 -0.057264 -0.08348 -0.127256 -0.038005 -0.24686 -0.332219 -0.194973 -0.028574 -0.066903 -0.043274 -0.040384 2.01034 -0.234031 -0.21498 -0.315238 -0.290284 -0.05273 -0.057143 -0.014313 -0.022653 -0.165956 -0.156014 -0.123654 (Points: 38534)
Centroid 1: -0.263777 -0.401852 -0.879377 0.319002 -0.0329368 0.982813 0.377978 0.2792 -0.0420134 2.81411 1.10808 -0.232859 -0.879364 -0.260673 -0.072416 -0.114549 -0.091491 -0.147649 -0.0525 -0.106986 -0.013444 -0.017555 -0.044475 -0.243947 -0.147734 4.28787 -0.175866 -0.032125 -0.002272 -0.070148 -0.076972 -0.057264 -0.08348 -0.127256 -0.038005 -0.24686 -0.332219 -0.194973 -0.028574 -0.066903 -0.043274 -0.040384 -0.497429 -0.234031 -0.21498 -0.315238 -0.290284 -0.05273 -0.057143 -0.014313 -0.022653 -0.165956 -0.156014 -0.123654 (Points: 9990)
Centroid 2: -0.581673 -0.198631 -0.625517 -0.618079 -0.622681 0.250019 0.185803 0.169612 0.0343394 1.05024 0.64622 -0.156173 -0.487402 -0.185256 -0.072416 -0.114549 -0.091491 -0.147649 -0.0525 -0.106986 0.533302 0.696357 -0.044475 -0.243947 -0.147734 -0.233216 -0.175866 -0.032125 -0.002272 2.78257 -0.076972 2.2715 -0.08348 5.04788 -0.038005 -0.24686 -0.332219 -0.194973 -0.028574 -0.066903 -0.043274 -0.040384 -0.497429 -0.234031 -0.21498 -0.315238 -0.290284 -0.05273 -0.057143 -0.014313 -0.022653 -0.165956 -0.156014 -0.123654 (Points: 14287)
Centroid 3: -1.28273 -0.077486 -0.20257 -0.0238431 0.015259 -0.562097 0.340261 0.438633 -0.0260621 -0.44818 -0.902462 -0.232859 0.70971 0.607801 -0.072416 6.46587 -0.091491 -0.147649 -0.0525 -0.106986 -0.013444 -0.017555 -0.044475 -0.243947 -0.147734 -0.233216 -0.175866 -0.032125 -0.002272 -0.070148 -0.076972 -0.057264 -0.08348 -0.127256 -0.038005 -0.24686 -0.332219 -0.194973 -0.028574 3.77641 -0.043274 -0.040384 -0.497429 -0.234031 -0.21498 -0.315238 -0.290284 -0.05273 -0.057143 -0.014313 -0.022653 -0.165956 -0.156014 -0.123654 (Points: 10114)
Centroid 4: 0.23665 -0.714929 -0.723095 -0.508555 -0.647534 0.252489 0.491694 0.154184 -0.222048 0.0899658 1.10798 -0.232859 -0.879268 -0.260673 -0.072416 -0.114549 -0.091491 -0.147649 -0.0525 -0.106986 -0.013444 -0.017555 -0.044475 -0.243947 -0.147734 -0.233216 -0.175866 -0.032125 -0.002272 -0.070148 -0.076972 -0.057264 -0.08348 -0.127256 -0.038005 -0.24686 3.01006 -0.194973 -0.028574 -0.066903 -0.043274 -0.040384 -0.497429 -0.234031 -0.21498 -0.315238 -0.290284 -0.05273 -0.057143 -0.014313 -0.022653 -0.165956 -0.156014 -0.123654 (Points: 21016)
Centroid 5: 0.490145 0.192629 -0.444096 0.430085 0.147588 -0.233495 -0.00151882 0.400189 0.286459 -0.324069 -0.902462 -0.232859 1.13718 -0.260673 -0.072416 -0.114549 -0.091491 -0.147649 -0.0525 -0.106986 -0.013444 -0.017555 -0.044475 -0.243947 -0.147734 -0.233216 -0.175866 -0.032125 -0.002272 -0.070148 -0.076972 -0.057264 -0.08348 -0.127256 -0.038005 -0.24686 -0.332219 -0.194973 -0.028574 -0.066903 -0.043274 -0.040384 -0.497429 -0.234031 -0.21498 3.16371 -0.290284 -0.05273 -0.057143 0.155865 -0.022653 -0.165956 -0.156014 -0.123654 (Points: 48866)
Centroid 6: 0.239694 -0.479214 0.0135421 -0.140403 -0.137507 1.32219 0.745184 0.00277623 -0.616961 -0.0204177 1.10808 -0.232859 -0.879364 -0.260673 -0.072416 -0.114549 -0.091491 -0.147649 -0.0525 -0.106986 -0.013444 -0.017555 -0.044475 -0.243947 -0.147734 -0.233216 -0.175866 -0.032125 -0.002272 -0.070148 -0.076972 -0.057264 -0.08348 -0.127256 -0.038005 -0.24686 -0.332219 -0.194973 -0.028574 -0.066903 -0.043274 -0.040384 -0.497429 4.27293 -0.21498 -0.315238 -0.290284 -0.05273 -0.057143 -0.014313 -0.022653 -0.165956 -0.156014 -0.123654 (Points: 7045)
Centroid 7: 0.369231 0.295448 -0.507021 -0.465829 -0.517693 -0.272744 -0.0830186 0.503403 0.409939 -0.398386 -0.902462 -0.232859 1.13718 -0.260673 -0.072416 -0.114549 -0.091491 -0.147649 -0.0525 -0.106986 -0.013444 -0.017555 -0.044475 -0.243947 -0.147734 -0.233216 -0.175866 -0.032125 -0.002272 -0.070148 -0.076972 -0.057264 -0.08348 -0.127256 -0.038005 -0.24686 3.01006 -0.194973 -0.028574 -0.066903 -0.043274 -0.040384 -0.497429 -0.234031 -0.21498 -0.315238 -0.290284 -0.05273 -0.057143 -0.014313 -0.022653 -0.165956 -0.156014 -0.123654 (Points: 21048)
Centroid 8: 0.130038 1.15955 0.175659 0.143457 0.233875 0.706427 -0.995966 0.475158 1.07102 0.109865 1.10808 -0.232859 -0.879364 -0.260673 -0.072416 -0.114549 -0.091491 -0.147649 -0.0525 -0.106986 -0.013444 -0.017555 -0.044475 -0.243947 -0.147734 -0.233216 -0.175866 -0.032125 -0.002272 -0.070148 -0.076972 -0.057264 -0.08348 -0.127256 -0.038005 -0.24686 -0.332219 -0.194973 -0.028574 -0.066903 -0.043274 -0.040384 -0.497429 4.27293 -0.21498 -0.315238 -0.290284 -0.05273 -0.057143 -0.014313 -0.022653 -0.165956 -0.156014 -0.123654 (Points: 5777)
Centroid 9: 0.397033 -0.0435374 -1.00315 -0.517918 -0.666446 0.823646 0.204881 0.444892 0.194929 0.0738465 0.472067 0.439312 -0.540849 -0.260673 -0.072416 -0.114549 -0.091491 -0.147649 -0.0525 -0.106986 -0.013444 -0.017555 -0.044475 -0.243947 -0.147734 -0.233216 -0.175866 -0.032125 -0.002272 -0.070148 -0.076972 -0.057264 11.9789 -0.127256 -0.038005 -0.24686 -0.332219 -0.194973 -0.028574 -0.066903 -0.043274 -0.040384 -0.497429 -0.234031 -0.21498 -0.315238 -0.290284 -0.05273 -0.057143 -0.014313 -0.022653 -0.165956 -0.156014 -0.123654 (Points: 4021)
Centroid 10: 0.327494 0.00820275 -0.160993 0.342629 0.156337 -0.2737 -0.163338 -0.000441806 0.188272 -0.308205 -0.902462 -0.157716 1.10371 -0.260673 -0.072416 -0.114549 -0.091491 -0.147649 -0.0525 -0.106986 -0.013444 -0.017555 -0.044475 -0.243947 -0.147734 -0.233216 -0.175866 -0.032125 -0.002272 -0.070148 -0.076972 -0.057264 -0.08348 -0.127256 -0.038005 -0.24686 -0.332219 -0.194973 -0.028574 -0.066903 -0.043274 -0.040384 -0.497429 -0.234031 4.6516 -0.315238 -0.290284 -0.05273 -0.057143 -0.014313 -0.022653 -0.165956 -0.156014 -0.123654 (Points: 25666)
Centroid 11: -0.619615 0.218601 0.95311 0.724828 1.83076 -0.412616 0.331723 0.887242 -0.0192559 -0.380292 -0.902462 -0.232859 1.13719 -0.260673 -0.072416 -0.114549 -0.091491 6.77281 -0.0525 -0.106986 -0.013444 -0.017555 -0.044475 -0.243947 -0.147734 -0.233216 -0.175866 -0.032125 -0.002272 -0.070148 -0.076972 -0.057264 -0.08348 -0.127256 -0.038005 -0.24686 -0.332219 -0.194973 -0.028574 -0.066903 -0.043274 -0.040384 -0.497429 -0.234031 -0.21498 -0.315238 -0.290284 -0.05273 -0.057143 -0.014313 -0.022653 -0.165956 -0.156014 -0.123654 (Points: 1715)
Centroid 12: 0.461975 0.86826 -0.66993 -1.05125 -0.687166 -0.391793 -0.372636 0.782192 0.826816 -0.634475 -0.902462 -0.232859 1.13719 -0.260673 -0.072416 -0.114549 -0.091491 -0.147649 -0.0525 -0.106986 -0.013444 -0.017555 -0.044475 -0.243947 -0.147734 -0.233216 -0.175866 -0.032125 -0.002272 -0.070148 -0.076972 -0.057264 -0.08348 -0.127256 26.3122 -0.24686 -0.332219 -0.194973 -0.028574 -0.066903 -0.043274 -0.040384 -0.497429 -0.234031 -0.21498 -0.315238 -0.290284 -0.05273 -0.057143 -0.014313 -0.022653 -0.165956 -0.156014 -0.123654 (Points: 838)
Centroid 13: -0.2501 0.310144 1.09414 -0.0115552 0.474692 -0.312553 -0.417304 0.352094 0.299363 -0.523428 -0.902462 -0.166629 1.10768 -0.260673 -0.072416 -0.114549 -0.091491 -0.147649 -0.0525 -0.106986 -0.013444 -0.017555 -0.044475 -0.243947 -0.147734 -0.233216 5.68613 -0.032125 -0.002272 -0.070148 -0.076972 -0.057264 -0.08348 -0.127256 -0.038005 -0.24686 -0.332219 -0.194973 -0.028574 -0.066903 -0.043274 -0.040384 -0.497429 -0.234031 -0.21498 -0.315238 -0.290284 -0.05273 -0.057143 -0.014313 -0.022653 -0.165956 -0.156014 -0.123654 (Points: 17431)
Centroid 14: -2.33249 -0.108013 0.803373 -0.799318 -0.219103 -1.13826 0.36312 -0.450345 -0.699922 -0.822808 -0.902462 -0.232859 -0.879364 3.83623 -0.072416 -0.114549 -0.091491 6.77281 -0.0525 -0.106986 -0.013444 -0.017555 -0.044475 -0.243947 -0.147734 -0.233216 -0.175866 -0.032125 -0.002272 -0.070148 -0.076972 -0.057264 -0.08348 -0.127256 -0.038005 -0.24686 -0.332219 -0.194973 -0.028574 -0.066903 -0.043274 -0.040384 -0.497429 -0.234031 -0.21498 -0.315238 -0.290284 -0.05273 -0.057143 -0.014313 -0.022653 -0.165956 -0.156014 -0.123654 (Points: 1238)
Centroid 15: 0.0405823 -0.732449 0.783656 0.0198763 0.107859 -0.280283 0.746973 -1.08864 -1.31345 -0.0218405 1.10732 -0.232859 -0.8786 -0.260673 -0.072416 -0.114549 -0.091491 -0.147649 -0.0525 -0.106986 -0.013444 -0.017555 -0.044475 -0.243947 -0.147734 -0.233216 -0.175866 -0.032125 -0.002272 -0.070148 -0.076972 -0.057264 -0.08348 -0.127256 -0.038005 -0.24686 -0.330319 -0.194973 -0.028574 -0.066903 -0.043274 -0.040384 2.00867 -0.234031 -0.21498 -0.314908 -0.290284 -0.05273 -0.057143 -0.014313 -0.022653 -0.165956 -0.156014 -0.123654 (Points: 21107)
Centroid 16: -1.60198 -0.402901 0.929642 -0.267688 0.133869 -0.683164 -0.0751604 -0.992801 -0.616836 -0.670854 -0.902462 -0.232859 0.410937 1.2148 -0.072416 -0.114549 1.89896 -0.147649 1.08968 -0.106986 -0.013444 -0.017555 -0.044475 3.05468 -0.147734 -0.233216 -0.175866 -0.032125 0.0471642 -0.070148 -0.076972 -0.057264 -0.08348 -0.127256 -0.038005 -0.24686 -0.332219 -0.194973 -0.028574 -0.066903 -0.043274 -0.040384 -0.497429 -0.234031 -0.21498 -0.315238 -0.290284 -0.05273 -0.057143 -0.014313 -0.022653 -0.165956 -0.156014 -0.123654 (Points: 26706)
Centroid 17: -0.551712 1.0782 -0.823585 -0.145933 -0.284977 0.0299828 -0.180213 0.647886 0.61034 0.55856 1.10808 -0.232859 -0.879364 -0.260673 -0.072416 -0.114549 -0.091491 -0.147649 -0.0525 -0.106986 -0.013444 -0.017555 -0.044475 -0.243947 -0.147734 4.28787 -0.175866 -0.032125 -0.002272 -0.070148 -0.076972 -0.057264 -0.08348 -0.127256 -0.038005 -0.24686 -0.332219 -0.194973 -0.028574 -0.066903 -0.043274 -0.040384 -0.497429 -0.234031 -0.21498 -0.315238 -0.290284 -0.05273 -0.057143 -0.014313 -0.022653 -0.165956 -0.156014 -0.123654 (Points: 4646)
Centroid 18: -1.24204 0.0325362 0.170298 -0.554572 -0.359829 -0.581258 0.587317 0.828646 -0.104927 -0.418163 -0.902462 -0.232859 1.13718 -0.260673 -0.072416 -0.114549 -0.091491 6.77281 -0.0525 -0.106986 -0.013444 -0.017555 -0.044475 -0.243947 -0.147734 -0.233216 -0.175866 -0.032125 -0.002272 -0.070148 -0.076972 -0.057264 -0.08348 -0.127256 -0.038005 -0.24686 -0.332219 -0.194973 -0.028574 -0.066903 -0.043274 -0.040384 -0.497429 -0.234031 -0.21498 -0.315238 -0.290284 -0.05273 -0.057143 -0.014313 -0.022653 -0.165956 -0.156014 -0.123654 (Points: 4006)
Centroid 19: -0.867515 1.36049 -0.346057 0.137048 0.0547312 -0.607762 -0.54137 0.321034 0.693805 -0.245365 -0.902462 -0.232859 1.13719 -0.260673 -0.072416 -0.114549 -0.091491 -0.147649 -0.0525 -0.106986 -0.013444 -0.017555 -0.044475 -0.243947 6.7689 -0.233216 -0.175866 -0.032125 -0.002272 -0.070148 -0.076972 -0.057264 -0.08348 -0.127256 -0.038005 -0.24686 -0.332219 -0.194973 -0.028574 -0.066903 -0.043274 -0.040384 -0.497429 -0.234031 -0.21498 -0.315238 -0.290284 -0.05273 -0.057143 -0.014313 -0.022653 -0.165956 -0.156014 -0.123654 (Points: 1741)
Centroid 20: -0.0381993 -0.655928 -0.356094 -0.180171 -0.392564 0.947645 0.450746 -0.152491 -0.383986 2.16015 1.10808 -0.232859 -0.879364 -0.260673 -0.072416 -0.114549 -0.091491 -0.147649 -0.0525 -0.106986 -0.013444 -0.017555 -0.044475 -0.243947 -0.147734 -0.233216 -0.175866 -0.032125 -0.002272 -0.070148 -0.076972 -0.057264 -0.08348 -0.127256 -0.038005 -0.24686 -0.332219 -0.194973 -0.028574 -0.066903 -0.043274 -0.040384 2.01034 -0.234031 -0.21498 -0.315238 -0.290284 -0.05273 -0.057143 -0.014313 -0.022653 -0.165956 -0.156014 -0.123654 (Points: 18102)
Centroid 21: 1.71942 -0.0474356 0.207329 1.18896 1.44765 0.129816 -0.00013203 -0.324905 -0.196148 0.0720951 0.0968348 0.849554 -0.347226 -0.260673 -0.072416 -0.114549 -0.091491 -0.147649 -0.0525 -0.106986 -0.013444 -0.017555 -0.044475 -0.243947 -0.147734 -0.233216 -0.175866 -0.032125 -0.002272 -0.070148 -0.076972 -0.057264 -0.08348 -0.127256 -0.038005 -0.24686 -0.332219 -0.194973 -0.028574 -0.066903 -0.043274 -0.040384 -0.497429 -0.234031 -0.21498 -0.315238 -0.290284 -0.05273 -0.057143 -0.014313 -0.022653 -0.165956 -0.156014 8.08711 (Points: 8750)
Centroid 22: -0.854182 -0.647849 -0.795934 -0.118547 -0.432401 -0.596834 0.532625 0.238806 -0.202263 -0.260153 1.10808 -0.232859 -0.879364 -0.260673 -0.072416 -0.114549 -0.091491 -0.147649 -0.0525 -0.106986 -0.013444 -0.017555 -0.044475 -0.243947 -0.147734 4.28787 -0.175866 -0.032125 -0.002272 -0.070148 -0.076972 -0.057264 -0.08348 -0.127256 -0.038005 -0.24686 -0.332219 -0.194973 -0.028574 -0.066903 -0.043274 -0.040384 -0.497429 -0.234031 -0.21498 -0.315238 -0.290284 -0.05273 -0.057143 -0.014313 -0.022653 -0.165956 -0.156014 -0.123654 (Points: 7704)
Centroid 23: 1.16022 -0.112027 -0.453123 -0.331972 -0.358235 0.860814 0.13446 0.0407 -0.0193429 -0.144106 1.10379 -0.232859 -0.875063 -0.260673 -0.072416 -0.114549 -0.091491 -0.147649 -0.0525 -0.106986 -0.013444 -0.017555 -0.044475 -0.243947 -0.147734 -0.233216 -0.175866 -0.032125 -0.002272 -0.070148 -0.076972 -0.057264 -0.08348 -0.127256 -0.038005 -0.24686 -0.332219 -0.194973 -0.028574 -0.066903 -0.043274 -0.040384 -0.497429 -0.234031 -0.21498 -0.315238 -0.290284 -0.05273 -0.057143 -0.014313 -0.022653 6.02569 -0.156014 -0.123654 (Points: 7502)
Centroid 24: -0.458867 -0.658695 -0.394947 0.0372544 -0.0966916 0.210363 0.632651 -0.0163874 -0.46408 0.646089 1.10808 -0.232859 -0.879364 -0.260673 -0.072416 -0.114549 -0.091491 -0.147649 -0.0525 -0.106986 -0.013444 -0.017555 -0.044475 -0.243947 -0.147734 4.28787 -0.175866 -0.032125 -0.002272 -0.070148 -0.076972 -0.057264 -0.08348 -0.127256 -0.038005 -0.24686 -0.332219 -0.194973 -0.028574 -0.066903 -0.043274 -0.040384 -0.497429 -0.234031 -0.21498 -0.315238 -0.290284 -0.05273 -0.057143 -0.014313 -0.022653 -0.165956 -0.156014 -0.123654 (Points: 7631)
Centroid 25: 0.896239 0.315537 -0.141776 0.218966 -0.0833615 -0.907265 -0.112428 0.234119 0.247954 0.167913 -0.902462 4.29444 -0.879364 -0.260673 -0.072416 -0.114549 -0.091491 -0.147649 -0.0525 -0.106986 -0.013444 -0.017555 -0.044475 -0.243947 -0.147734 -0.233216 -0.175866 -0.032125 -0.002272 -0.070148 -0.076972 -0.057264 -0.08348 -0.127256 -0.038005 0.896036 1.01898 -0.194973 -0.028574 -0.066903 -0.043274 -0.040384 -0.488227 -0.234031 -0.21498 0.335145 0.231275 -0.05273 -0.057143 -0.014313 -0.022653 -0.165956 -0.156014 -0.123654 (Points: 20167)
Centroid 26: 0.274816 0.0931637 0.422798 0.112463 0.190106 -0.16644 -0.57638 -0.659562 0.107468 0.0405912 -0.62816 0.21885 0.660863 -0.260673 -0.072416 -0.114549 -0.091491 -0.147649 -0.0525 -0.106986 -0.013444 -0.017555 -0.044475 -0.243947 -0.147734 -0.233216 -0.175866 -0.032125 -0.002272 -0.070148 -0.076972 -0.057264 -0.08348 -0.127256 -0.038005 -0.24686 -0.332219 5.12891 -0.028574 -0.066903 -0.043274 -0.040384 -0.497429 -0.234031 -0.21498 -0.315238 -0.290284 -0.05273 -0.057143 -0.014313 -0.022653 -0.165956 -0.156014 -0.123654 (Points: 21278)
Centroid 27: -1.44245 -0.00218711 -0.522381 -0.928077 -0.704046 -0.673305 0.061068 0.372401 0.219021 -0.281778 -0.902462 -0.232859 0.669878 0.688725 -0.072416 -0.114549 -0.091491 -0.147649 -0.0525 -0.106986 -0.013444 -0.017555 -0.044475 -0.243947 -0.147734 -0.233216 -0.175866 -0.032125 -0.002272 -0.070148 12.9918 -0.057264 -0.08348 -0.127256 -0.038005 -0.24686 -0.332219 -0.194973 -0.028574 -0.066903 -0.043274 -0.040384 -0.497429 -0.234031 -0.21498 -0.315238 -0.290284 -0.05273 -0.057143 -0.014313 -0.022653 -0.165956 -0.156014 -0.123654 (Points: 3422)
Centroid 28: -0.98987 0.588848 1.56816 -0.462321 0.148375 -0.374593 -1.17576 1.32811 1.32296 -0.537388 -0.902462 -0.232859 1.13719 -0.260673 -0.072416 -0.114549 -0.091491 6.77281 -0.0525 -0.106986 -0.013444 -0.017555 -0.044475 -0.243947 -0.147734 -0.233216 -0.175866 -0.032125 -0.002272 -0.070148 -0.076972 -0.057264 -0.08348 -0.127256 -0.038005 -0.24686 -0.332219 -0.194973 -0.028574 -0.066903 -0.043274 -0.040384 -0.497429 -0.234031 -0.21498 -0.315238 -0.290284 -0.05273 -0.057143 -0.014313 -0.022653 -0.165956 -0.156014 -0.123654 (Points: 3347)
Centroid 29: -2.82411 -0.104592 1.48927 -0.484639 0.210934 -1.15423 -0.0129367 -0.725815 -0.692623 -1.01644 -0.902462 -0.232859 -0.879364 3.83622 13.8091 -0.114549 -0.091491 -0.147649 -0.0525 -0.106986 -0.013444 -0.017555 -0.044475 -0.243947 -0.147734 -0.233216 -0.175866 -0.032125 -0.002272 -0.070148 -0.076972 -0.057264 -0.08348 -0.127256 -0.038005 -0.24686 -0.332219 -0.194973 -0.028574 -0.066903 -0.043274 -0.040384 -0.497429 -0.234031 -0.21498 -0.315238 -0.290284 -0.05273 -0.057143 -0.014313 -0.022653 -0.165956 -0.156014 -0.123654 (Points: 3031)
Centroid 30: -0.583416 -0.923391 -0.302154 1.12916 0.386587 -0.912326 0.383609 -0.347168 -0.422356 -0.499042 -0.902462 -0.232859 1.13719 -0.260673 -0.072416 -0.114549 -0.091491 -0.147649 -0.0525 -0.106986 -0.013444 -0.017555 -0.044475 -0.243947 6.7689 -0.233216 -0.175866 -0.032125 -0.002272 -0.070148 -0.076972 -0.057264 -0.08348 -0.127256 -0.038005 -0.24686 -0.332219 -0.194973 -0.028574 -0.066903 -0.043274 -0.040384 -0.497429 -0.234031 -0.21498 -0.315238 -0.290284 -0.05273 -0.057143 -0.014313 -0.022653 -0.165956 -0.156014 -0.123654 (Points: 3090)
Centroid 31: -0.969687 -0.726344 -0.389291 -0.491203 -0.461762 -0.541073 0.558091 -0.0696194 -0.426309 -0.164261 -0.902462 -0.232859 1.13718 -0.260673 -0.072416 -0.114549 -0.091491 -0.147649 -0.0525 -0.106986 -0.013444 -0.017555 -0.044475 -0.243947 6.7689 -0.233216 -0.175866 -0.032125 -0.002272 -0.070148 -0.076972 -0.057264 -0.08348 -0.127256 -0.038005 -0.24686 -0.332219 -0.194973 -0.028574 -0.066903 -0.043274 -0.040384 -0.497429 -0.234031 -0.21498 -0.315238 -0.290284 -0.05273 -0.057143 -0.014313 -0.022653 -0.165956 -0.156014 -0.123654 (Points: 6983)
Centroid 32: 1.44662 0.309988 -0.418349 0.808873 0.232655 0.127414 0.0506723 0.46155 0.275933 -0.0955662 -0.897231 0.929958 0.613997 -0.260673 -0.072416 -0.114549 -0.091491 -0.147649 -0.0525 -0.106986 -0.013444 -0.017555 -0.044475 -0.243947 -0.147734 -0.233216 -0.175866 -0.032125 -0.002272 -0.070148 -0.076972 -0.057264 -0.08348 -0.127256 -0.038005 -0.24686 -0.332219 -0.194973 -0.028574 -0.066903 -0.043274 -0.040384 -0.497429 -0.234031 -0.21498 -0.315238 -0.290284 -0.05273 -0.057143 -0.014313 -0.022653 6.02569 -0.156014 -0.123654 (Points: 8071)
Centroid 33: 1.24771 0.0330147 0.594602 0.193941 0.268168 0.227049 -0.176206 -0.472679 -0.202786 -0.0168097 0.0939708 0.0659866 0.0046634 -0.260673 -0.072416 -0.114549 -0.091491 -0.147649 -0.0525 -0.106986 -0.013444 -0.017555 -0.044475 -0.243947 -0.147734 -0.233216 -0.175866 -0.032125 -0.002272 -0.070148 -0.076972 -0.057264 -0.08348 -0.127256 -0.038005 -0.24686 -0.332219 -0.194973 -0.028574 -0.066903 -0.043274 -0.040384 -0.497429 -0.234031 -0.21498 -0.315238 -0.290284 -0.05273 -0.057143 -0.014313 0.910536 -0.165956 6.27096 -0.123654 (Points: 14104)
Centroid 34: 0.460938 0.228444 0.281956 1.28344 1.30703 0.10836 0.0962779 0.67335 0.204718 -0.430919 -0.902462 -0.232859 1.13719 -0.260673 -0.072416 -0.114549 -0.091491 -0.147649 -0.0525 -0.106986 -0.013444 -0.017555 -0.044475 -0.243947 -0.147734 -0.233216 -0.175866 -0.032125 -0.002272 -0.070148 -0.076972 -0.057264 -0.08348 -0.127256 -0.038005 -0.24686 -0.332219 -0.194973 -0.028574 -0.066903 9.27923 -0.040384 -0.497429 -0.234031 -0.21498 -0.315238 -0.290284 11.3069 -0.057143 -0.014313 -0.022653 -0.165956 -0.156014 -0.123654 (Points: 2697)
Centroid 35: -1.99814 0.254549 -0.0346869 -0.302174 0.304495 -1.14989 -0.128678 -0.0125575 0.134631 -0.803613 -0.902462 -0.232859 -0.879364 3.83623 -0.072416 -0.114549 -0.091491 -0.147649 -0.0525 -0.106986 -0.013444 -0.017555 -0.044475 -0.243947 6.7689 -0.233216 -0.175866 -0.032125 -0.002272 -0.070148 -0.076972 -0.057264 -0.08348 -0.127256 -0.038005 -0.24686 -0.332219 -0.194973 -0.028574 -0.066903 -0.043274 -0.040384 -0.497429 -0.234031 -0.21498 -0.315238 -0.290284 -0.05273 -0.057143 -0.014313 -0.022653 -0.165956 -0.156014 -0.123654 (Points: 596)
Centroid 36: 0.180355 0.042085 0.721072 0.321395 0.567115 -0.258552 -0.20392 -0.30757 -0.105377 -0.214457 -0.902462 -0.232752 1.13714 -0.260673 -0.072416 -0.114549 -0.091491 -0.147649 -0.0525 -0.106986 -0.013444 -0.017555 -0.044475 -0.243947 -0.147734 -0.233216 -0.175866 -0.032125 -0.002272 -0.070148 -0.076972 -0.057264 -0.08348 -0.127256 -0.038005 -0.24686 -0.332219 -0.194973 -0.028574 -0.066903 -0.043274 -0.040384 -0.497429 -0.234031 -0.21498 -0.315238 3.4449 -0.05273 -0.057143 -0.014313 -0.022653 -0.165956 -0.156014 -0.123654 (Points: 42338)
Centroid 37: -0.724808 0.681831 1.66038 0.649012 1.77477 -0.810943 -2.26416 -0.123763 1.47735 -0.453103 -0.902462 -0.232859 1.13719 -0.260673 -0.072416 -0.114549 -0.091491 -0.147649 -0.0525 -0.106986 -0.013444 -0.017555 -0.044475 -0.243947 -0.147734 -0.233216 -0.175866 -0.032125 -0.002272 -0.070148 -0.076972 -0.057264 -0.08348 -0.127256 -0.038005 -0.24686 -0.332219 -0.194973 -0.028574 -0.066903 -0.043274 24.7624 -0.497429 -0.234031 -0.21498 -0.315238 -0.290284 -0.05273 -0.057143 -0.014313 -0.022653 -0.165956 -0.156014 -0.123654 (Points: 946)
Centroid 38: -0.524423 -0.400002 0.0403501 -0.480296 -0.404847 -0.611026 0.814687 0.112546 -0.627728 -0.271827 1.10808 -0.232859 -0.879364 -0.260673 -0.072416 -0.114549 -0.091491 -0.147649 -0.0525 -0.106986 -0.013444 -0.017555 -0.044475 -0.243947 -0.147734 -0.233216 -0.175866 -0.032125 -0.002272 -0.070148 -0.076972 -0.057264 -0.08348 -0.127256 -0.038005 -0.24686 -0.332219 -0.194973 -0.028574 -0.066903 -0.043274 -0.040384 -0.497429 4.27293 -0.21498 -0.315238 -0.290284 -0.05273 -0.057143 -0.014313 -0.022653 -0.165956 -0.156014 -0.123654 (Points: 8131)
Centroid 39: -0.190065 -0.160847 0.0857109 -0.498706 -0.255031 1.1636 0.763429 0.359215 -0.483927 2.19658 1.10808 -0.232859 -0.879364 -0.260673 -0.072416 -0.114549 -0.091491 -0.147649 -0.0525 -0.106986 -0.013444 -0.017555 -0.044475 -0.243947 -0.147734 -0.233216 -0.175866 -0.032125 -0.002272 -0.070148 -0.076972 -0.057264 -0.08348 -0.127256 -0.038005 -0.24686 -0.332219 -0.194973 -0.028574 -0.066903 -0.043274 -0.040384 -0.497429 4.27293 -0.21498 -0.315238 -0.290284 -0.05273 -0.057143 -0.014313 -0.022653 -0.165956 -0.156014 -0.123654 (Points: 4527)
Centroid 40: -1.5161 -0.429346 1.20062 -0.289156 0.0865057 -0.829181 1.2264 -0.786225 -1.6747 -0.610582 -0.902462 -0.232859 1.13719 -0.260673 -0.072416 -0.114549 -0.091491 6.77281 -0.0525 -0.106986 -0.013444 -0.017555 -0.044475 -0.243947 -0.147734 -0.233216 -0.175866 -0.032125 -0.002272 -0.070148 -0.076972 -0.057264 -0.08348 -0.127256 -0.038005 -0.24686 -0.332219 -0.194973 -0.028574 -0.066903 -0.043274 -0.040384 -0.497429 -0.234031 -0.21498 -0.315238 -0.290284 -0.05273 -0.057143 -0.014313 -0.022653 -0.165956 -0.156014 -0.123654 (Points: 2090)
Centroid 41: -2.22645 0.940041 0.863806 -0.328233 0.382714 -1.01813 -1.42396 -0.4482 0.813519 -0.881128 -0.902462 -0.232859 -0.854577 3.78587 -0.072416 -0.114549 -0.091491 -0.147649 -0.0525 3.07663 -0.013444 -0.017555 -0.044475 2.50345 -0.147734 -0.233216 -0.175866 0.923833 -0.002272 -0.070148 -0.076972 -0.057264 -0.08348 -0.127256 -0.038005 -0.24686 -0.332219 -0.194973 -0.028574 -0.066903 -0.043274 -0.040384 -0.497429 -0.234031 -0.21498 -0.315238 -0.290284 -0.05273 -0.057143 -0.014313 -0.022653 -0.165956 -0.156014 -0.123654 (Points: 19525)
Centroid 42: -0.156442 -0.654474 1.71388 -0.0286562 0.536315 -0.795201 0.812837 -1.99656 -2.07154 -0.25125 1.09827 -0.232859 -0.869523 -0.260673 -0.072416 -0.114549 -0.091491 -0.147649 -0.0525 -0.106986 -0.013444 -0.017555 -0.044475 -0.243947 -0.147734 -0.233216 -0.175866 -0.032125 -0.002272 -0.070148 -0.076972 -0.057264 -0.08348 -0.127256 -0.038005 -0.24686 -0.321582 -0.194973 -0.028574 -0.066903 -0.043274 -0.040384 -0.497429 4.25094 -0.21498 -0.309318 -0.290284 -0.05273 -0.057143 -0.014313 -0.022653 -0.165956 -0.156014 -0.123654 (Points: 4713)
Centroid 43: 1.00624 -0.114263 0.922641 0.563394 -0.471431 -1.21935 1.14728 0.254625 -1.01821 1.26799 -0.902462 4.29444 -0.879364 -0.260673 -0.072416 -0.114549 -0.091491 -0.147649 -0.0525 -0.106986 -0.013444 -0.017555 -0.044475 -0.243947 -0.147734 -0.233216 -0.175866 -0.032125 -0.002272 -0.070148 -0.076972 -0.057264 -0.08348 -0.127256 -0.038005 -0.24686 -0.332219 -0.194973 34.9966 -0.066903 -0.043274 -0.040384 -0.497429 -0.234031 -0.21498 -0.315238 -0.290284 -0.05273 -0.057143 -0.014313 -0.022653 -0.165956 -0.156014 -0.123654 (Points: 474)
Centroid 44: 0.40897 0.54097 -0.547154 1.09345 0.370405 2.01382 -0.175077 0.871667 0.683889 0.87895 1.10808 -0.232859 -0.879364 -0.260673 -0.072416 -0.114549 -0.091491 -0.147649 -0.0525 -0.106986 -0.013444 -0.017555 -0.044475 -0.243947 -0.147734 -0.233216 -0.175866 -0.032125 -0.002272 -0.070148 -0.076972 -0.057264 -0.08348 -0.127256 -0.038005 -0.24686 -0.332219 -0.194973 -0.028574 -0.066903 -0.043274 -0.040384 2.01034 -0.234031 -0.21498 -0.315238 -0.290284 -0.05273 -0.057143 -0.014313 -0.022653 -0.165956 -0.156014 -0.123654 (Points: 15873)
Centroid 45: -1.36964 -0.467669 -0.7364 -0.493188 -0.640271 -1.03008 0.488828 0.122446 -0.234458 -0.823812 1.10808 -0.232859 -0.879364 -0.260673 -0.072416 -0.114549 -0.091491 -0.147649 -0.0525 -0.106986 -0.013444 -0.017555 22.4844 -0.243947 -0.147734 -0.233216 -0.175866 -0.032125 -0.002272 -0.070148 -0.076972 -0.057264 -0.08348 -0.127256 -0.038005 -0.24686 -0.332219 -0.194973 -0.028574 -0.066903 -0.043274 -0.040384 -0.497429 -0.234031 -0.21498 -0.315238 -0.290284 -0.05273 -0.057143 -0.014313 -0.022653 -0.165956 -0.156014 -0.123654 (Points: 1147)
Centroid 46: 1.4526 -0.384844 -0.388983 -0.0915351 -0.106608 -0.0524981 0.487731 0.102596 -0.288433 -0.00142438 -0.204992 0.971389 -0.0987644 -0.260673 -0.072416 -0.114549 -0.091491 -0.147649 -0.0525 -0.106986 -0.013444 -0.017555 -0.044475 -0.243947 -0.147734 -0.233216 -0.175866 -0.032125 -0.002272 -0.070148 -0.076972 -0.057264 -0.08348 -0.127256 -0.038005 -0.24686 -0.332219 -0.194973 -0.028574 -0.066903 -0.043274 -0.040384 -0.497429 -0.234031 -0.21498 -0.315238 -0.290284 -0.05273 17.5 -0.014313 -0.022653 -0.165956 -0.156014 -0.123654 (Points: 1891)
Centroid 47: 0.2774 1.16818 -0.77597 -0.499709 -0.535824 0.860329 -0.290282 0.624523 0.687765 0.235753 1.10808 -0.232859 -0.879364 -0.260673 -0.072416 -0.114549 -0.091491 -0.147649 -0.0525 -0.106986 -0.013444 -0.017555 -0.044475 -0.243947 -0.147734 -0.233216 -0.175866 -0.032125 -0.002272 -0.070148 -0.076972 -0.057264 -0.08348 -0.127256 -0.038005 -0.24686 3.01006 -0.194973 -0.028574 -0.066903 -0.043274 -0.040384 -0.497429 -0.234031 -0.21498 -0.315238 -0.290284 -0.05273 -0.057143 -0.014313 -0.022653 -0.165956 -0.156014 -0.123654 (Points: 7507)
Centroid 48: 0.630368 0.00707494 -0.267537 -0.267019 -0.350158 0.42825 0.0722572 0.111233 0.0476223 -0.205381 0.50786 -0.232859 -0.277351 -0.260673 -0.072416 -0.114549 -0.091491 -0.147649 -0.0525 -0.106986 -0.013444 -0.017555 -0.044475 -0.243947 -0.147734 -0.233216 -0.175866 -0.032125 -0.002272 -0.070148 -0.076972 -0.057264 -0.08348 -0.127256 -0.038005 4.05088 -0.332219 -0.194973 -0.028574 -0.066903 -0.043274 -0.040384 -0.497429 -0.234031 -0.21498 -0.315238 -0.290284 -0.05273 -0.057143 -0.014313 -0.022653 -0.165956 -0.156014 -0.123654 (Points: 28010)
Centroid 49: 0.0884603 1.42054 0.114308 -0.356649 -0.179057 0.522476 -1.06556 0.102547 0.953151 0.0529657 1.10789 -0.232859 -0.879177 -0.260673 -0.072416 -0.114549 -0.091491 -0.147649 -0.0525 -0.106986 -0.013444 -0.017555 -0.044475 -0.243947 -0.147734 -0.233216 -0.175866 -0.032125 -0.002272 -0.070148 -0.076972 -0.057264 -0.08348 -0.127256 -0.038005 -0.24686 -0.332064 -0.194973 -0.028574 -0.066903 -0.043274 -0.040384 2.0101 -0.234031 -0.21498 -0.315076 -0.290284 -0.05273 -0.057143 -0.014313 -0.022653 -0.165956 -0.156014 -0.123654 (Points: 21573)
