Starting K-Means clustering on 581012 points...
------------------------------------------------
Convergence reached in 39 iterations.
Execution Time (Core Loop): 1922.17 ms
------------------------------------------------
Centroid 0: 0.101794 -0.179102 -0.349014 -0.048325 -0.209745 0.543233 0.238176 0.0589896 -0.107578 0.545629 1.09459 -0.206491 -0.877577 -0.260673 -0.072416 -0.114549 -0.091491 -0.147649 -0.0525 -0.106986 0.0282564 0.0368952 0.0934735 -0.243947 -0.147734 0.489787 -0.175866 -0.032125 -0.002272 0.0936657 -0.076972 0.12007 0.120714 0.160111 -0.038005 0.186881 -0.332219 -0.153677 -0.028574 -0.066903 -0.043274 -0.040384 1.03085 -0.234031 -0.21498 -0.315238 -0.290284 -0.05273 -0.000625163 -0.014313 0.0315767 -0.165956 -0.00515662 -0.0214364 (Points: 187321)
Centroid 1: 0.375477 0.0400679 -0.633394 -0.399304 -0.545154 -0.0202339 0.11444 0.364008 0.192411 -0.0755653 0.0935392 0.408361 -0.147404 -0.260673 -0.072416 -0.114549 -0.091491 -0.147649 -0.0525 -0.106986 -0.013444 -0.017555 -0.044475 -0.243947 -0.147734 -0.233216 -0.175866 -0.032125 -0.002272 -0.0686553 -0.076972 -0.057264 -0.0832705 -0.127256 -0.038005 -0.24686 3.00919 -0.194973 -0.028574 -0.066903 -0.043274 -0.040384 -0.497429 -0.234031 -0.21498 -0.315238 -0.290284 -0.05273 -0.0547039 -0.014313 -0.022653 -0.165956 -0.156014 -0.123654 (Points: 57585)
Centroid 2: -0.114936 1.14974 0.369184 0.167611 0.326855 -0.353744 -1.10044 0.330558 1.03644 -0.430362 -0.818259 0.130352 0.568606 0.394212 0.0474005 0.0147387 0.0463945 0.159617 0.0676179 0.114639 -0.013444 -0.017555 -0.044475 0.334454 -0.0807164 -0.23295 -0.175866 0.0453182 -0.002272 -0.0292517 0.0326478 -0.0568227 -0.038208 -0.0800541 0.147398 0.0474866 -0.329132 0.199692 -0.0276918 -0.0555574 0.0247622 0.117054 -0.478942 -0.234031 0.250349 0.481955 0.296432 0.183109 -0.0226478 0.05551 -0.022653 -0.165956 0.0791603 0.0675169 (Points: 119100)
Centroid 3: -0.257316 -0.708762 0.23276 0.0954792 0.167868 -0.457896 0.470033 -0.504534 -0.692553 -0.277427 -0.856195 0.0247727 0.740985 0.216844 0.10833 0.217997 0.147308 0.172119 0.05279 0.125505 -0.013444 -0.017555 -0.044475 0.229612 0.358361 -0.232981 -0.175866 0.0292511 0.00631038 -0.036902 0.128874 -0.057264 -0.0519581 -0.033091 -0.038005 -0.070544 -0.330655 0.185582 0.0786655 0.176999 0.0674942 -0.00974972 -0.493973 -0.234031 0.236715 0.258189 0.35185 -0.0361645 0.0622392 -0.014313 -0.00312948 -0.165956 0.0674635 0.0708974 (Points: 153832)
Centroid 4: -0.113948 -0.123583 0.32416 -0.213477 -0.050851 0.329405 0.444397 -0.130437 -0.501557 0.233784 1.10808 -0.232859 -0.879364 -0.260673 -0.072416 -0.114549 -0.091491 -0.147649 -0.0525 -0.106986 -0.013444 -0.017555 -0.044475 -0.243947 -0.147734 -0.233216 -0.175866 -0.032125 -0.002272 -0.070148 -0.076972 -0.057264 -0.08348 -0.127256 -0.038005 -0.24686 -0.332219 -0.194973 -0.028574 -0.066903 -0.043274 -0.040384 -0.497429 4.27293 -0.21498 -0.315238 -0.290284 -0.05273 -0.057143 -0.014313 -0.022653 -0.165956 -0.156014 -0.123654 (Points: 30170)
Centroid 5: 1.30865 0.10669 -0.435101 0.259292 -0.0519952 0.480716 0.0910356 0.258813 0.133689 -0.118949 0.0667243 0.369793 -0.10333 -0.260673 -0.072416 -0.114549 -0.091491 -0.147649 -0.0525 -0.106986 -0.013444 -0.017555 -0.044475 -0.243947 -0.147734 -0.233216 -0.175866 -0.032125 -0.002272 -0.070148 -0.076972 -0.057264 -0.08348 -0.127256 -0.038005 -0.24686 -0.332219 -0.194973 -0.028574 -0.066903 -0.043274 -0.040384 -0.497429 -0.234031 -0.21498 -0.315238 -0.290284 -0.05273 -0.057143 -0.014313 -0.022653 6.02569 -0.156014 -0.123654 (Points: 15573)
Centroid 6: -0.2501 0.310144 1.09414 -0.0115552 0.474692 -0.312553 -0.417304 0.352094 0.299363 -0.523428 -0.902462 -0.166629 1.10768 -0.260673 -0.072416 -0.114549 -0.091491 -0.147649 -0.0525 -0.106986 -0.013444 -0.017555 -0.044475 -0.243947 -0.147734 -0.233216 5.68613 -0.032125 -0.002272 -0.070148 -0.076972 -0.057264 -0.08348 -0.127256 -0.038005 -0.24686 -0.332219 -0.194973 -0.028574 -0.066903 -0.043274 -0.040384 -0.497429 -0.234031 -0.21498 -0.315238 -0.290284 -0.05273 -0.057143 -0.014313 -0.022653 -0.165956 -0.156014 -0.123654 (Points: 17431)
