Starting K-Means clustering on 581012 points with 4 MPI processes...
------------------------------------------------
Convergence reached in 100 iterations.
Execution Time (Core Loop): 20905.3 ms
------------------------------------------------
Centroid 0: -0.182891 -0.650588 1.5936 -0.0541366 0.462456 -0.666067 0.853102 -1.81859 -1.98779 -0.240933 1.10808 -0.232859 -0.879364 -0.260673 -0.072416 -0.114549 -0.091491 -0.147649 -0.0525 -0.106986 -0.013444 -0.017555 -0.044475 -0.243947 -0.147734 -0.233216 -0.175866 -0.032125 -0.002272 -0.070148 -0.076972 -0.057264 -0.08348 -0.127256 -0.038005 -0.24686 -0.331619 -0.194973 -0.028574 -0.066903 -0.043274 -0.040384 -0.497429 4.27212 -0.21498 -0.315238 -0.290284 -0.05273 -0.057143 -0.014313 -0.022653 -0.165956 -0.156014 -0.123654 (Points: 5569)
Centroid 1: -2.82411 -0.104592 1.48927 -0.484639 0.210934 -1.15423 -0.0129367 -0.725815 -0.692623 -1.01644 -0.902462 -0.232859 -0.879364 3.83622 13.809 -0.114549 -0.091491 -0.147649 -0.0525 -0.106986 -0.013444 -0.017555 -0.044475 -0.243947 -0.147734 -0.233216 -0.175866 -0.032125 -0.002272 -0.070148 -0.076972 -0.057264 -0.08348 -0.127256 -0.038005 -0.24686 -0.332219 -0.194973 -0.028574 -0.066903 -0.043274 -0.040384 -0.497429 -0.234031 -0.21498 -0.315238 -0.290284 -0.05273 -0.057143 -0.014313 -0.022653 -0.165956 -0.156014 -0.123654 (Points: 3031)
Centroid 2: 0.025698 1.31368 1.01549 0.0130987 0.411275 -0.339473 -1.8192 -0.101633 1.31216 -0.451581 -0.902462 0.112167 0.983504 -0.260673 -0.072416 -0.114549 -0.091491 -0.147649 -0.0525 -0.106986 -0.013444 -0.017555 -0.044475 -0.243947 -0.147734 -0.233216 -0.175866 -0.032125 -0.002272 -0.070148 -0.076972 -0.057264 -0.08348 -0.127256 -0.038005 -0.243909 -0.330211 -0.194973 -0.028574 -0.066903 -0.043274 -0.040384 -0.497429 -0.234031 -0.21498 -0.314639 3.43945 -0.05273 -0.057143 -0.014313 -0.022653 -0.165956 -0.156014 -0.123654 (Points: 11652)
Centroid 3: 0.246758 -0.22059 -0.737028 -0.50895 -0.62053 0.41183 0.286759 0.277442 0.0163521 0.128112 1.10808 -0.232859 -0.879364 -0.260673 -0.072416 -0.114549 -0.091491 -0.147649 -0.0525 -0.106986 -0.013444 -0.017555 -0.044475 -0.243947 -0.147734 -0.233216 -0.175866 -0.032125 -0.002272 -0.070148 -0.076972 -0.057264 -0.08348 -0.127256 -0.038005 -0.24686 3.01006 -0.194973 -0.028574 -0.066903 -0.043274 -0.040384 -0.497429 -0.234031 -0.21498 -0.315238 -0.290284 -0.05273 -0.057143 -0.014313 -0.022653 -0.165956 -0.156014 -0.123654 (Points: 28502)
Centroid 4: 1.20867 0.116296 -0.409623 0.373498 0.0658538 0.447562 0.0983442 0.316772 0.152315 -0.174065 -0.0301775 0.309538 0.0207 -0.260673 -0.072416 -0.114549 -0.091491 -0.147649 -0.0525 -0.106986 -0.013444 -0.017555 -0.044475 -0.243947 -0.147734 -0.233216 -0.175866 -0.032125 -0.002272 -0.070148 -0.076972 -0.057264 -0.08348 -0.127256 -0.038005 -0.24686 -0.332219 -0.194973 -0.028574 -0.066903 -0.043274 -0.040384 -0.497429 -0.234031 -0.21498 -0.315238 -0.290284 1.71788 -0.057143 0.466293 -0.022653 5.40663 -0.156014 -0.123654 (Points: 17303)
Centroid 5: 0.254755 -0.724513 -0.542487 -0.142624 -0.342745 0.936932 0.514312 0.0385522 -0.318407 0.71571 1.10527 -0.232859 -0.876549 -0.260673 -0.072416 -0.114549 -0.091491 -0.147649 -0.0525 -0.106986 -0.013444 -0.017555 -0.044475 -0.243947 -0.147734 -0.233216 -0.175866 -0.032125 -0.002272 -0.070148 -0.076972 -0.057264 -0.08348 -0.127256 -0.038005 -0.24686 -0.332219 -0.194973 -0.028574 -0.066903 -0.043274 -0.040384 1.99453 -0.234031 -0.21498 -0.315238 -0.290284 -0.05273 -0.057143 -0.014313 0.255742 -0.165956 -0.156014 -0.123654 (Points: 47277)
Centroid 6: -0.31378 -0.366916 1.02331 -0.110841 0.402958 -0.389281 0.976447 -0.542386 -1.32161 -0.5041 -0.902462 -0.0905669 1.07381 -0.260673 -0.072416 -0.114549 -0.091491 -0.147649 -0.0525 -0.106986 -0.013444 -0.017555 -0.044475 -0.243947 -0.147734 -0.233216 5.68613 -0.032125 -0.002272 -0.070148 -0.076972 -0.057264 -0.08348 -0.127256 -0.038005 -0.24686 -0.332219 -0.194973 -0.028574 -0.066903 -0.043274 -0.040384 -0.497429 -0.234031 -0.21498 -0.315238 -0.290284 -0.05273 -0.057143 -0.014313 -0.022653 -0.165956 -0.156014 -0.123654 (Points: 7127)
Centroid 7: -0.581673 -0.198631 -0.625517 -0.618079 -0.622681 0.250019 0.185803 0.169612 0.0343394 1.05024 0.64622 -0.156173 -0.487402 -0.185256 -0.072416 -0.114549 -0.091491 -0.147649 -0.0525 -0.106986 0.533302 0.696357 -0.044475 -0.243947 -0.147734 -0.233216 -0.175866 -0.032125 -0.002272 2.78257 -0.076972 2.2715 -0.08348 5.04788 -0.038005 -0.24686 -0.332219 -0.194973 -0.028574 -0.066903 -0.043274 -0.040384 -0.497429 -0.234031 -0.21498 -0.315238 -0.290284 -0.05273 -0.057143 -0.014313 -0.022653 -0.165956 -0.156014 -0.123654 (Points: 14287)
Centroid 8: 0.369659 0.29529 -0.509828 -0.467046 -0.520177 -0.272535 -0.0810549 0.50619 0.410687 -0.398412 -0.902462 -0.232859 1.13718 -0.260673 -0.072416 -0.114549 -0.091491 -0.147649 -0.0525 -0.106986 -0.013444 -0.017555 -0.044475 -0.243947 -0.147734 -0.233216 -0.175866 -0.032125 -0.002272 -0.070148 -0.076972 -0.057264 -0.08348 -0.127256 -0.038005 -0.24686 3.01006 -0.194973 -0.028574 -0.066903 -0.043274 -0.040384 -0.497429 -0.234031 -0.21498 -0.315238 -0.290284 -0.05273 -0.057143 -0.014313 -0.022653 -0.165956 -0.156014 -0.123654 (Points: 21025)
Centroid 9: 1.07666 -0.00541273 -0.152292 0.12255 -0.128071 -0.894037 0.327426 0.412378 -0.0301826 0.203381 -0.902462 4.29444 -0.879364 -0.260673 -0.072416 -0.114549 -0.091491 -0.147649 -0.0525 -0.106986 -0.013444 -0.017555 -0.044475 -0.243947 -0.147734 -0.233216 -0.175866 -0.032125 -0.002272 -0.070148 -0.076972 -0.057264 -0.08348 -0.127256 -0.038005 -0.24686 -0.332219 -0.194973 -0.028574 -0.066903 -0.043274 -0.040384 -0.497429 -0.234031 -0.21498 3.17221 -0.290284 -0.05273 -0.057143 -0.014313 -0.022653 -0.165956 -0.156014 -0.123654 (Points: 3761)
Centroid 10: 0.657134 0.192603 0.522222 2.13684 2.68268 -0.214282 -0.178539 0.188476 0.172919 -0.0821274 -0.892271 0.327502 0.877368 -0.260673 -0.072416 -0.114549 -0.091491 -0.147649 -0.0525 -0.106986 -0.013444 -0.017555 -0.044475 -0.243947 -0.147734 -0.233216 -0.175866 -0.032125 -0.002272 -0.070148 -0.076972 -0.057264 -0.08348 -0.127256 -0.038005 -0.24686 -0.326754 -0.194973 -0.028574 -0.066903 -0.043274 -0.040384 -0.484718 -0.234031 -0.21498 -0.278744 3.38078 -0.05273 -0.057143 -0.014313 -0.022653 -0.165956 -0.156014 -0.123654 (Points: 6116)
Centroid 11: -0.281347 -0.432982 -0.855098 0.27378 -0.0599442 0.935515 0.386034 0.254216 -0.0642267 2.72114 1.10808 -0.232859 -0.879364 -0.260673 -0.072416 -0.114549 -0.091491 -0.147649 -0.0525 -0.106986 -0.013444 -0.017555 -0.044475 -0.243947 -0.147734 4.28787 -0.175866 -0.032125 -0.002272 -0.070148 -0.076972 -0.057264 -0.08348 -0.127256 -0.038005 -0.24686 -0.332219 -0.194973 -0.028574 -0.066903 -0.043274 -0.040384 -0.497429 -0.234031 -0.21498 -0.315238 -0.290284 -0.05273 -0.057143 -0.014313 -0.022653 -0.165956 -0.156014 -0.123654 (Points: 10926)
Centroid 12: 0.388737 0.631645 -0.524944 1.15165 0.439552 1.97708 -0.245583 0.898341 0.75397 0.937882 1.10808 -0.232859 -0.879364 -0.260673 -0.072416 -0.114549 -0.091491 -0.147649 -0.0525 -0.106986 -0.013444 -0.017555 -0.044475 -0.243947 -0.147734 -0.233216 -0.175866 -0.032125 -0.002272 -0.070148 -0.076972 -0.057264 -0.08348 -0.127256 -0.038005 -0.24686 -0.327283 -0.194973 -0.028574 -0.066903 -0.043274 -0.040384 2.00663 -0.234031 -0.21498 -0.315238 -0.290284 -0.05273 -0.057143 -0.014313 -0.022653 -0.165956 -0.156014 -0.123654 (Points: 14896)
Centroid 13: 0.388939 1.16264 -0.177698 0.519904 0.263927 -0.225721 -0.7235 0.538683 0.936591 -0.348948 -0.902462 -0.141402 1.09645 -0.260673 -0.072416 -0.114549 -0.091491 -0.147649 -0.0525 -0.106986 -0.013444 -0.017555 -0.044475 -0.243947 -0.147734 -0.233216 -0.175866 -0.032125 -0.002272 -0.070148 -0.076972 -0.057264 -0.08348 -0.127256 -0.038005 -0.24686 -0.332219 -0.194973 -0.028574 -0.066903 -0.043274 -0.040384 -0.497429 -0.234031 4.6516 -0.315238 -0.290284 -0.05273 -0.057143 -0.014313 -0.022653 -0.165956 -0.156014 -0.123654 (Points: 11633)
Centroid 14: 0.0687975 1.4073 0.0657237 -0.375031 -0.204168 0.502062 -1.01265 0.127709 0.92826 0.153091 1.10799 -0.23266 -0.879364 -0.260673 -0.072416 -0.114549 -0.091491 -0.147649 -0.0525 -0.106986 -0.013444 -0.017555 -0.044475 -0.243947 -0.147734 -0.233216 -0.175866 -0.032125 -0.002272 -0.070148 -0.076972 -0.057264 -0.08348 -0.127256 -0.038005 -0.24686 -0.332072 -0.194973 -0.028574 -0.066903 -0.043274 -0.040384 2.01023 -0.234031 -0.21498 -0.315238 -0.290284 -0.05273 -0.057143 -0.014313 -0.022653 -0.165956 -0.156014 -0.123654 (Points: 22789)
Centroid 15: -2.7693 0.188315 1.00359 -0.456507 0.164676 -1.14161 -0.735333 -0.851214 -0.0121482 -0.99535 -0.902462 -0.232859 -0.658976 3.38848 -0.072416 -0.114549 -0.091491 -0.147649 13.8378 -0.106986 -0.013444 -0.017555 -0.044475 -0.243947 -0.147734 -0.233216 -0.175866 8.46746 -0.002272 -0.070148 -0.076972 -0.057264 -0.08348 -0.127256 -0.038005 -0.24686 -0.332219 -0.194973 -0.028574 -0.066903 -0.043274 -0.040384 -0.497429 -0.234031 -0.21498 -0.315238 -0.290284 -0.05273 -0.057143 -0.014313 -0.022653 -0.165956 -0.156014 -0.123654 (Points: 2196)
Centroid 16: 1.71942 -0.0474356 0.207329 1.18896 1.44765 0.129816 -0.00013203 -0.324905 -0.196148 0.0720951 0.0968348 0.849554 -0.347226 -0.260673 -0.072416 -0.114549 -0.091491 -0.147649 -0.0525 -0.106986 -0.013444 -0.017555 -0.044475 -0.243947 -0.147734 -0.233216 -0.175866 -0.032125 -0.002272 -0.070148 -0.076972 -0.057264 -0.08348 -0.127256 -0.038005 -0.24686 -0.332219 -0.194973 -0.028574 -0.066903 -0.043274 -0.040384 -0.497429 -0.234031 -0.21498 -0.315238 -0.290284 -0.05273 -0.057143 -0.014313 -0.022653 -0.165956 -0.156014 8.08711 (Points: 8750)
Centroid 17: 0.644093 0.0871606 -0.217327 -0.208147 -0.306627 0.190332 0.00249232 0.130377 0.109906 -0.100158 0.281507 0.494847 -0.374456 -0.260673 -0.072416 -0.114549 -0.091491 -0.147649 -0.0525 -0.106986 -0.013444 -0.017555 -0.044475 -0.243947 -0.147734 -0.233216 -0.175866 -0.032125 -0.002272 -0.070148 -0.076972 -0.057264 -0.08348 -0.127256 -0.038005 4.05088 -0.332219 -0.194973 -0.028574 -0.066903 -0.043274 -0.040384 -0.497429 -0.234031 -0.21498 -0.315238 -0.290284 -0.05273 -0.057143 -0.014313 -0.022653 -0.165956 -0.156014 -0.123654 (Points: 33365)
Centroid 18: -1.32399 -0.467714 -0.343049 -0.0684395 -0.118437 -0.712184 0.719068 0.228137 -0.43334 -0.59897 -0.902462 -0.232859 1.13719 -0.260673 -0.072416 8.72989 -0.091491 -0.147649 -0.0525 -0.106986 -0.013444 -0.017555 -0.044475 -0.243947 -0.147734 -0.233216 -0.175866 -0.032125 -0.002272 -0.070148 -0.076972 -0.057264 -0.08348 -0.127256 -0.038005 -0.24686 -0.332219 -0.194973 -0.028574 -0.066903 -0.043274 -0.040384 -0.497429 -0.234031 -0.21498 -0.315238 -0.290284 -0.05273 -0.057143 -0.014313 -0.022653 -0.165956 -0.156014 -0.123654 (Points: 3298)
Centroid 19: 0.464457 -0.0439743 0.182469 0.0706811 -0.0391143 -0.0652233 0.469774 0.709588 -0.0626965 -0.0769897 -0.902462 -0.228105 1.13507 -0.260673 -0.072416 -0.114549 -0.091491 -0.147649 -0.0525 -0.106986 -0.013444 -0.017555 -0.044475 -0.243947 -0.147734 -0.233216 -0.175866 -0.032125 -0.002272 -0.070148 -0.076972 -0.057264 -0.08348 -0.127256 -0.038005 -0.24686 -0.332219 -0.194973 -0.028574 -0.066903 -0.043274 -0.040384 -0.497429 -0.234031 -0.21498 -0.315238 3.4449 -0.05273 -0.057143 -0.014313 -0.022653 -0.165956 -0.156014 -0.123654 (Points: 12381)
Centroid 20: -0.0587492 -0.718085 0.421304 -0.0730715 -0.115062 -0.454287 0.701601 -0.741211 -1.03227 -0.0459952 1.10808 -0.232859 -0.879364 -0.260673 -0.072416 -0.114549 -0.091491 -0.147649 -0.0525 -0.106986 -0.013444 -0.017555 -0.044475 -0.243947 -0.147734 -0.233216 -0.175866 -0.032125 -0.002272 -0.070148 -0.076972 -0.057264 -0.08348 -0.127256 -0.038005 -0.24686 -0.332 -0.194973 -0.028574 -0.066903 -0.043274 -0.040384 2.01017 -0.234031 -0.21498 -0.315238 -0.290284 -0.05273 -0.057143 -0.014313 -0.022653 -0.165956 -0.156014 -0.123654 (Points: 30504)
Centroid 21: -2.38233 -0.663149 0.182316 -0.215322 0.267716 -1.01615 0.722078 -0.449132 -0.858503 -0.960824 -0.902462 -0.232859 -0.879364 3.83623 -0.072416 8.72988 -0.091491 -0.147649 -0.0525 -0.106986 -0.013444 -0.017555 -0.044475 -0.243947 -0.147734 -0.233216 -0.175866 -0.032125 -0.002272 -0.070148 -0.076972 -0.057264 -0.08348 -0.127256 -0.038005 -0.24686 -0.332219 -0.194973 -0.028574 -0.066903 -0.043274 -0.040384 -0.497429 -0.234031 -0.21498 -0.315238 -0.290284 -0.05273 -0.057143 -0.014313 -0.022653 -0.165956 -0.156014 -0.123654 (Points: 1416)
Centroid 22: -0.675952 -0.67909 -0.584528 -0.0264135 -0.261416 -0.254643 0.592473 0.0788208 -0.358624 0.0906341 1.10808 -0.232859 -0.879364 -0.260673 -0.072416 -0.114549 -0.091491 -0.147649 -0.0525 -0.106986 -0.013444 -0.017555 -0.044475 -0.243947 -0.147734 4.28787 -0.175866 -0.032125 -0.002272 -0.070148 -0.076972 -0.057264 -0.08348 -0.127256 -0.038005 -0.24686 -0.332219 -0.194973 -0.028574 -0.066903 -0.043274 -0.040384 -0.497429 -0.234031 -0.21498 -0.315238 -0.290284 -0.05273 -0.057143 -0.014313 -0.022653 -0.165956 -0.156014 -0.123654 (Points: 13761)
Centroid 23: 1.00624 -0.114263 0.922641 0.563394 -0.471431 -1.21935 1.14728 0.254625 -1.01821 1.26799 -0.902462 4.29444 -0.879364 -0.260673 -0.072416 -0.114549 -0.091491 -0.147649 -0.0525 -0.106986 -0.013444 -0.017555 -0.044475 -0.243947 -0.147734 -0.233216 -0.175866 -0.032125 -0.002272 -0.070148 -0.076972 -0.057264 -0.08348 -0.127256 -0.038005 -0.24686 -0.332219 -0.194973 34.9966 -0.066903 -0.043274 -0.040384 -0.497429 -0.234031 -0.21498 -0.315238 -0.290284 -0.05273 -0.057143 -0.014313 -0.022653 -0.165956 -0.156014 -0.123654 (Points: 474)
Centroid 24: -0.549745 0.956285 -0.827136 -0.141564 -0.278164 0.0468559 -0.0948147 0.691102 0.558867 0.502592 1.10808 -0.232859 -0.879364 -0.260673 -0.072416 -0.114549 -0.091491 -0.147649 -0.0525 -0.106986 -0.013444 -0.017555 -0.044475 -0.243947 -0.147734 4.28787 -0.175866 -0.032125 -0.002272 -0.070148 -0.076972 -0.057264 -0.08348 -0.127256 -0.038005 -0.24686 -0.332219 -0.194973 -0.028574 -0.066903 -0.043274 -0.040384 -0.497429 -0.234031 -0.21498 -0.315238 -0.290284 -0.05273 -0.057143 -0.014313 -0.022653 -0.165956 -0.156014 -0.123654 (Points: 5284)
Centroid 25: -1.40544 0.663549 -0.203232 -0.103031 0.0480489 -0.638753 -0.198707 1.06994 0.742302 -0.632888 -0.902462 -0.232859 1.13719 -0.260673 -0.072416 8.72989 -0.091491 -0.147649 -0.0525 -0.106986 -0.013444 -0.017555 -0.044475 -0.243947 -0.147734 -0.233216 -0.175866 -0.032125 -0.002272 -0.070148 -0.076972 -0.057264 -0.08348 -0.127256 -0.038005 -0.24686 -0.332219 -0.194973 -0.028574 -0.066903 -0.043274 -0.040384 -0.497429 -0.234031 -0.21498 -0.315238 -0.290284 -0.05273 -0.057143 -0.014313 -0.022653 -0.165956 -0.156014 -0.123654 (Points: 2083)
Centroid 26: 0.397033 -0.0435374 -1.00315 -0.517918 -0.666446 0.823646 0.204881 0.444892 0.194929 0.0738465 0.472067 0.439312 -0.540849 -0.260673 -0.072416 -0.114549 -0.091491 -0.147649 -0.0525 -0.106986 -0.013444 -0.017555 -0.044475 -0.243947 -0.147734 -0.233216 -0.175866 -0.032125 -0.002272 -0.070148 -0.076972 -0.057264 11.9789 -0.127256 -0.038005 -0.24686 -0.332219 -0.194973 -0.028574 -0.066903 -0.043274 -0.040384 -0.497429 -0.234031 -0.21498 -0.315238 -0.290284 -0.05273 -0.057143 -0.014313 -0.022653 -0.165956 -0.156014 -0.123654 (Points: 4021)
Centroid 27: -0.724808 0.681831 1.66038 0.649012 1.77477 -0.810943 -2.26416 -0.123763 1.47735 -0.453103 -0.902462 -0.232859 1.13719 -0.260673 -0.072416 -0.114549 -0.091491 -0.147649 -0.0525 -0.106986 -0.013444 -0.017555 -0.044475 -0.243947 -0.147734 -0.233216 -0.175866 -0.032125 -0.002272 -0.070148 -0.076972 -0.057264 -0.08348 -0.127256 -0.038005 -0.24686 -0.332219 -0.194973 -0.028574 -0.066903 -0.043274 24.7624 -0.497429 -0.234031 -0.21498 -0.315238 -0.290284 -0.05273 -0.057143 -0.014313 -0.022653 -0.165956 -0.156014 -0.123654 (Points: 946)
Centroid 28: -1.36964 -0.467669 -0.7364 -0.493188 -0.640271 -1.03008 0.488828 0.122446 -0.234458 -0.823812 1.10808 -0.232859 -0.879364 -0.260673 -0.072416 -0.114549 -0.091491 -0.147649 -0.0525 -0.106986 -0.013444 -0.017555 22.4844 -0.243947 -0.147734 -0.233216 -0.175866 -0.032125 -0.002272 -0.070148 -0.076972 -0.057264 -0.08348 -0.127256 -0.038005 -0.24686 -0.332219 -0.194973 -0.028574 -0.066903 -0.043274 -0.040384 -0.497429 -0.234031 -0.21498 -0.315238 -0.290284 -0.05273 -0.057143 -0.014313 -0.022653 -0.165956 -0.156014 -0.123654 (Points: 1147)
Centroid 29: 0.0185635 -0.885583 1.07127 0.115423 0.427678 -0.450849 0.413733 -1.5644 -1.33227 -0.190778 -0.902462 -0.0698898 1.0646 -0.260673 -0.072416 -0.114549 -0.091491 -0.147649 -0.0525 -0.106986 -0.013444 -0.017555 -0.044475 -0.243947 -0.147734 -0.233216 -0.175866 -0.032125 -0.002272 -0.070148 -0.076972 -0.057264 -0.08348 -0.127256 -0.038005 -0.24686 -0.325548 -0.194973 -0.028574 -0.066903 -0.043274 -0.040384 -0.497429 -0.234031 -0.21498 -0.313078 3.43513 -0.05273 -0.057143 -0.014313 -0.022653 -0.165956 -0.156014 -0.123654 (Points: 14529)
Centroid 30: 0.106441 1.15344 0.175108 0.118792 0.218993 0.692302 -0.971098 0.471288 1.04737 0.104026 1.10808 -0.232859 -0.879364 -0.260673 -0.072416 -0.114549 -0.091491 -0.147649 -0.0525 -0.106986 -0.013444 -0.017555 -0.044475 -0.243947 -0.147734 -0.233216 -0.175866 -0.032125 -0.002272 -0.070148 -0.076972 -0.057264 -0.08348 -0.127256 -0.038005 -0.24686 -0.332219 -0.194973 -0.028574 -0.066903 -0.043274 -0.040384 -0.497429 4.27293 -0.21498 -0.315238 -0.290284 -0.05273 -0.057143 -0.014313 -0.022653 -0.165956 -0.156014 -0.123654 (Points: 5991)
Centroid 31: -0.206055 0.778448 1.14313 0.0571185 0.524308 -0.259483 -1.38132 0.970782 1.42054 -0.536797 -0.902462 -0.219238 1.13112 -0.260673 -0.072416 -0.114549 -0.091491 -0.147649 -0.0525 -0.106986 -0.013444 -0.017555 -0.044475 -0.243947 -0.147734 -0.233216 5.68613 -0.032125 -0.002272 -0.070148 -0.076972 -0.057264 -0.08348 -0.127256 -0.038005 -0.24686 -0.332219 -0.194973 -0.028574 -0.066903 -0.043274 -0.040384 -0.497429 -0.234031 -0.21498 -0.315238 -0.290284 -0.05273 -0.057143 -0.014313 -0.022653 -0.165956 -0.156014 -0.123654 (Points: 10304)
Centroid 32: -2.35813 0.637641 1.36946 -0.417249 0.346126 -1.02883 -1.64721 -1.14983 0.541378 -0.918988 -0.902462 -0.232859 -0.878914 3.83531 -0.072416 -0.114549 -0.091491 -0.147649 -0.0525 -0.106986 -0.013444 -0.017555 -0.044475 4.09925 -0.147734 -0.233216 -0.175866 -0.032125 -0.002272 -0.070148 -0.076972 -0.057264 -0.08348 -0.127256 -0.038005 -0.24686 -0.332219 -0.194973 -0.028574 -0.066903 -0.043274 -0.040384 -0.497429 -0.234031 -0.21498 -0.315238 -0.290284 -0.05273 -0.057143 -0.014313 -0.022653 -0.165956 -0.156014 -0.123654 (Points: 17918)
Centroid 33: -1.63073 0.103104 1.06947 -0.539383 -0.0191909 -0.849417 0.314042 0.14095 -0.441495 -0.804811 -0.902462 -0.232859 0.26267 1.51602 -0.072416 -0.114549 9.29856 -0.147649 -0.0525 -0.106986 -0.013444 -0.017555 -0.044475 -0.243947 -0.147734 -0.233216 -0.175866 -0.032125 -0.002272 -0.070148 -0.076972 -0.057264 -0.08348 -0.127256 3.86263 -0.24686 -0.332219 -0.194973 -0.028574 -0.066903 -0.043274 -0.040384 -0.497429 -0.234031 -0.21498 -0.315238 -0.290284 -0.05273 -0.057143 -0.014313 -0.022653 -0.165956 -0.156014 -0.123654 (Points: 5661)
Centroid 34: 0.0418946 -0.303521 -0.0667974 -0.142371 -0.14398 1.25434 0.720329 0.294474 -0.444846 1.55472 1.10808 -0.232859 -0.879364 -0.260673 -0.072416 -0.114549 -0.091491 -0.147649 -0.0525 -0.106986 -0.013444 -0.017555 -0.044475 -0.243947 -0.147734 -0.233216 -0.175866 -0.032125 -0.002272 -0.070148 -0.076972 -0.057264 -0.08348 -0.127256 -0.038005 -0.24686 -0.332219 -0.194973 -0.028574 -0.066903 -0.043274 -0.040384 -0.497429 4.27293 -0.21498 -0.315238 -0.290284 -0.05273 -0.057143 -0.014313 -0.022653 -0.165956 -0.156014 -0.123654 (Points: 7410)
Centroid 35: -1.09481 1.41671 0.649755 -0.172597 0.174167 -0.615069 -1.33428 -0.319734 0.870609 -0.393981 -0.902462 -0.232859 1.13719 -0.260673 -0.072416 -0.114549 -0.091491 -0.147649 -0.0525 -0.106986 -0.013444 -0.017555 -0.044475 4.09925 -0.147734 -0.233216 -0.175866 -0.032125 -0.002272 -0.070148 -0.076972 -0.057264 -0.08348 -0.127256 -0.038005 -0.24686 -0.332219 -0.194973 -0.028574 -0.066903 -0.043274 -0.040384 -0.497429 -0.234031 -0.21498 -0.315238 -0.290284 -0.05273 -0.057143 -0.014313 -0.022653 -0.165956 -0.156014 -0.123654 (Points: 3509)
Centroid 36: 0.344923 -0.715888 -0.451544 0.451305 0.22112 -0.304908 0.504949 0.0104287 -0.341192 -0.214554 -0.902462 -0.232859 1.13718 -0.260673 -0.072416 -0.114549 -0.091491 -0.147649 -0.0525 -0.106986 -0.013444 -0.017555 -0.044475 -0.243947 -0.147734 -0.233216 -0.175866 -0.032125 -0.002272 -0.070148 -0.076972 -0.057264 -0.08348 -0.127256 -0.038005 -0.24686 -0.332219 -0.194973 -0.028574 -0.066903 -0.043274 -0.040384 -0.497429 -0.234031 -0.21498 3.17221 -0.290284 -0.05273 -0.057143 -0.014313 -0.022653 -0.165956 -0.156014 -0.123654 (Points: 23335)
Centroid 37: -0.300592 -0.425636 0.031659 -0.517538 -0.388848 0.0184616 0.815664 0.105501 -0.62889 -0.334694 1.10808 -0.232859 -0.879364 -0.260673 -0.072416 -0.114549 -0.091491 -0.147649 -0.0525 -0.106986 -0.013444 -0.017555 -0.044475 -0.243947 -0.147734 -0.233216 -0.175866 -0.032125 -0.002272 -0.070148 -0.076972 -0.057264 -0.08348 -0.127256 -0.038005 -0.24686 -0.332219 -0.194973 -0.028574 -0.066903 -0.043274 -0.040384 -0.497429 4.27293 -0.21498 -0.315238 -0.290284 -0.05273 -0.057143 -0.014313 -0.022653 -0.165956 -0.156014 -0.123654 (Points: 11201)
Centroid 38: 0.889822 0.230844 -0.513982 0.142409 -0.342777 -0.844765 0.0399851 0.287215 0.204139 0.131534 -0.902462 4.29444 -0.879364 -0.260673 -0.072416 -0.114549 -0.091491 -0.147649 -0.0525 -0.106986 -0.013444 -0.017555 -0.044475 -0.243947 -0.147734 -0.233216 -0.175866 -0.032125 -0.002272 -0.070148 -0.076972 -0.057264 -0.08348 -0.127256 -0.038005 -0.24686 2.57751 -0.194973 -0.028574 -0.066903 -0.043274 -0.040384 -0.477881 -0.234031 -0.21498 -0.315238 -0.0366185 -0.05273 0.885864 -0.014313 -0.022653 -0.165956 -0.156014 -0.123654 (Points: 9365)
Centroid 39: 0.276558 -0.948797 -0.147144 0.195672 0.0671472 -0.313473 0.301022 -0.447362 -0.432066 -0.274431 -0.902462 -0.171239 1.10974 -0.260673 -0.072416 -0.114549 -0.091491 -0.147649 -0.0525 -0.106986 -0.013444 -0.017555 -0.044475 -0.243947 -0.147734 -0.233216 -0.175866 -0.032125 -0.002272 -0.070148 -0.076972 -0.057264 -0.08348 -0.127256 -0.038005 -0.24686 -0.332219 -0.194973 -0.028574 -0.066903 -0.043274 -0.040384 -0.497429 -0.234031 4.6516 -0.315238 -0.290284 -0.05273 -0.057143 -0.014313 -0.022653 -0.165956 -0.156014 -0.123654 (Points: 14033)
Centroid 40: -2.00645 0.100051 0.0345295 -0.121204 0.431832 -1.01271 -0.0530274 -0.0986441 -0.00542127 -0.816178 -0.902462 -0.232859 -0.879364 3.83622 -0.072416 -0.114549 -0.091491 -0.147649 -0.0525 9.34271 -0.013444 -0.017555 -0.044475 -0.243947 -0.147734 -0.233216 -0.175866 -0.032125 0.198434 -0.070148 -0.076972 -0.057264 -0.08348 -0.127256 -0.038005 -0.24686 -0.332219 -0.194973 -0.028574 -0.066903 -0.043274 -0.040384 -0.497429 -0.234031 -0.21498 -0.315238 -0.290284 -0.05273 -0.057143 -0.014313 -0.022653 -0.165956 -0.156014 -0.123654 (Points: 6578)
Centroid 41: -0.908567 -0.435536 -0.344499 0.0094702 -0.14127 -0.672107 0.32742 -0.0811818 -0.241244 -0.289702 -0.902462 -0.232859 1.04034 -0.0639163 -0.072416 -0.114549 -0.091491 -0.147649 -0.0525 -0.106986 -0.013444 -0.017555 -0.044475 -0.243947 6.7689 -0.233216 -0.175866 -0.032125 -0.002272 -0.070148 -0.076972 -0.057264 -0.08348 -0.127256 -0.038005 -0.24686 -0.332219 -0.194973 -0.028574 -0.066903 -0.043274 -0.040384 -0.497429 -0.234031 -0.21498 -0.315238 -0.290284 -0.05273 -0.057143 -0.014313 -0.022653 -0.165956 -0.156014 -0.123654 (Points: 12410)
Centroid 42: 0.301666 -1.03409 0.329257 0.244355 0.221034 -0.275557 0.0723998 -0.934969 -0.562184 0.0720673 -0.673046 0.112945 0.753056 -0.260673 -0.072416 -0.114549 -0.091491 -0.147649 -0.0525 -0.106986 -0.013444 -0.017555 -0.044475 -0.243947 -0.147734 -0.233216 -0.175866 -0.032125 -0.002272 -0.070148 -0.076972 -0.057264 -0.08348 -0.127256 -0.038005 -0.24686 -0.332219 5.12891 -0.028574 -0.066903 -0.043274 -0.040384 -0.497429 -0.234031 -0.21498 -0.315238 -0.290284 -0.05273 -0.057143 -0.014313 -0.022653 -0.165956 -0.156014 -0.123654 (Points: 11796)
Centroid 43: -2.28228 1.00034 0.106853 -0.0203297 0.68633 -0.912701 -0.822093 0.681437 1.03293 -0.980597 -0.902462 -0.232859 -0.879364 3.83623 -0.072416 8.72989 -0.091491 -0.147649 -0.0525 -0.106986 -0.013444 -0.017555 -0.044475 -0.243947 -0.147734 -0.233216 -0.175866 -0.032125 -0.002272 -0.070148 -0.076972 -0.057264 -0.08348 -0.127256 -0.038005 -0.24686 -0.332219 -0.194973 -0.028574 -0.066903 -0.043274 -0.040384 -0.497429 -0.234031 -0.21498 -0.315238 -0.290284 -0.05273 -0.057143 -0.014313 -0.022653 -0.165956 -0.156014 -0.123654 (Points: 728)
Centroid 44: -1.07721 0.128271 0.902378 -0.208069 0.28097 -0.544062 0.151331 0.562679 -0.0283654 -0.482984 -0.902462 -0.232859 0.952013 0.115529 -0.072416 -0.114549 -0.091491 6.21535 -0.0525 -0.106986 -0.013444 -0.017555 -0.044475 -0.243947 -0.147734 -0.233216 -0.175866 -0.032125 -0.002272 -0.070148 -0.076972 -0.057264 -0.08348 -0.127256 -0.038005 -0.24686 -0.332219 -0.194973 -0.028574 -0.066903 1.82164 -0.040384 -0.497429 -0.234031 -0.21498 -0.315238 -0.290284 -0.05273 -0.057143 -0.014313 -0.022653 -0.165956 -0.156014 -0.123654 (Points: 13482)
Centroid 45: 0.620558 1.02665 -0.444354 0.39561 0.0547931 -0.169675 -0.464346 0.755639 0.86095 -0.424154 -0.902462 -0.232859 1.13718 -0.260673 -0.072416 -0.114549 -0.091491 -0.147649 -0.0525 -0.106986 -0.013444 -0.017555 -0.044475 -0.243947 -0.147734 -0.233216 -0.175866 -0.032125 -0.002272 -0.070148 -0.076972 -0.057264 -0.08348 -0.127256 -0.038005 -0.24686 -0.332219 -0.194973 -0.028574 -0.066903 -0.043274 -0.040384 -0.497429 -0.234031 -0.21498 3.17221 -0.290284 -0.05273 -0.057143 -0.014313 -0.022653 -0.165956 -0.156014 -0.123654 (Points: 25348)
Centroid 46: -1.0048 -0.868192 0.520036 -0.134153 0.0504273 -0.346383 0.380138 -0.99621 -0.900343 -0.507896 -0.902462 -0.232859 1.13718 -0.260673 -0.072416 -0.114549 -0.091491 -0.147649 -0.0525 -0.106986 -0.013444 -0.017555 -0.044475 4.09925 -0.147734 -0.233216 -0.175866 -0.032125 -0.002272 -0.070148 -0.076972 -0.057264 -0.08348 -0.127256 -0.038005 -0.24686 -0.332219 -0.194973 -0.028574 -0.066903 -0.043274 -0.040384 -0.497429 -0.234031 -0.21498 -0.315238 -0.290284 -0.05273 -0.057143 -0.014313 -0.022653 -0.165956 -0.156014 -0.123654 (Points: 11207)
Centroid 47: 0.241414 1.49551 0.539167 -0.0516169 0.15163 -0.0306942 -1.38349 -0.316944 0.940544 0.00143362 -0.572319 0.350601 0.546172 -0.260673 -0.072416 -0.114549 -0.091491 -0.147649 -0.0525 -0.106986 -0.013444 -0.017555 -0.044475 -0.243947 -0.147734 -0.233216 -0.175866 -0.032125 -0.002272 -0.070148 -0.076972 -0.057264 -0.08348 -0.127256 -0.038005 -0.24686 -0.332219 5.12891 -0.028574 -0.066903 -0.043274 -0.040384 -0.497429 -0.234031 -0.21498 -0.315238 -0.290284 -0.05273 -0.057143 -0.014313 -0.022653 -0.165956 -0.156014 -0.123654 (Points: 9482)
Centroid 48: -0.489757 -0.116694 -0.412402 -0.35881 -0.37232 -0.281226 0.259435 0.409492 0.0602536 -0.100151 -0.724206 -0.232859 0.74227 0.178419 -0.072416 -0.114549 -0.091491 -0.147649 -0.0525 -0.106986 -0.013444 -0.017555 -0.044475 -0.243947 -0.147734 -0.233216 -0.175866 -0.032125 -0.002272 -0.070148 5.96728 -0.057264 -0.08348 -0.127256 -0.038005 -0.24686 -0.332219 -0.194973 -0.028574 5.18668 -0.043274 -0.040384 -0.497429 -0.234031 -0.21498 -0.315238 -0.290284 -0.05273 3.23646 -0.014313 -0.022653 -0.165956 -0.156014 -0.123654 (Points: 7399)
Centroid 49: 1.24088 0.0531637 0.599959 0.204608 0.281122 0.216406 -0.189855 -0.461246 -0.186139 -0.0211558 0.0816929 0.0724371 0.0141048 -0.260673 -0.072416 -0.114549 -0.091491 -0.147649 -0.0525 -0.106986 -0.013444 -0.017555 -0.044475 -0.243947 -0.147734 -0.233216 -0.175866 -0.032125 -0.002272 -0.070148 -0.076972 -0.057264 -0.08348 -0.127256 -0.038005 -0.24686 -0.332219 -0.194973 -0.028574 -0.066903 -0.043274 -0.040384 -0.497429 -0.234031 -0.21498 -0.315238 -0.290284 -0.05273 -0.057143 -0.014313 -0.022653 -0.165956 6.40968 -0.123654 (Points: 13806)
